Allele,Serotype,Qualifiers,COMMENT,ImputedAntigen,Broad,CIWD3.0,CWD2.0,EURCWD,DR5X
DPB1*01:01,DP-01,F,FULL,DP-0101,DP-0101,C,C,C,
DPB1*02:01,DP-0201,F,FULL,DP-0201,DP-0201,C,C,C,
DPB1*02:02,DP-0202,F,FULL,DP-0202,DP-0202,C,C,C,
DPB1*03:01,DP-03,F,FULL,DP-0301,DP-0301,C,C,C,
DPB1*04:01,DP-0401,F,FULL,DP-0401,DP-0401,C,C,C,
DPB1*04:02,DP-0402,F,FULL,DP-0402,DP-0402,C,C,C,
DPB1*05:01,DP-01,F,FULL,DP-0101,DP-0101,C,C,C,
DPB1*06:01,DP-06,F,FULL,DP-0601,DP-0601,C,C,C,
DPB1*08:01,DP-10,F,FULL,DP-1001,DP-1001,WD,,WD,
DPB1*09:01,DP-06,F,FULL,DP-0601,DP-0601,C,C,C,
DPB1*10:01,DP-10,F,FULL,DP-1001,DP-1001,C,C,C,
DPB1*11:01,DP-01,F,FULL,DP-0101,DP-0101,C,C,C,
DPB1*13:01,DP-13,F,FULL,DP-1301,DP-1301,C,C,C,
DPB1*14:01,DP-03,F,FULL,DP-0301,DP-0301,C,C,C,
DPB1*15:01,DP-0401,F,FULL,DP-0401,DP-0401,C,C,C,
DPB1*16:01,DP-10,F,FULL,DP-1001,DP-1001,C,C,WD,
DPB1*17:01,DP-06,F,FULL,DP-0601,DP-0601,C,C,C,
DPB1*18:01,DP-0402,F,FULL,DP-0402,DP-0402,C,C,C,
DPB1*19:01,DP-13,F,FULL,DP-1301,DP-1301,C,C,C,
DPB1*20:01,DP-03,F,FULL,DP-0301,DP-0301,C,C,WD,
DPB1*21:01,DP-13,F,FULL,DP-1301,DP-1301,C,C,WD,
DPB1*22:01,DP-13,F,FULL,DP-1301,DP-1301,I,WD,WD,
DPB1*23:01,DP-0401,F,FULL,DP-0401,DP-0401,C,C,C,
DPB1*24:01,DP-0401,F,FULL,DP-0401,DP-0401,I,,WD,
DPB1*25:01,DP-45,F,FULL,DP-4501,DP-4501,I,,WD,
DPB1*26:01,DP-01,F,FULL,DP-0101,DP-0101,C,C,C,
DPB1*27:01,DP-01,F,FULL,DP-0101,DP-0101,C,C,WD,
DPB1*28:01,DP-0402,F,FULL,DP-0402,DP-0402,C,C,WD,
DPB1*29:01,DP-06,F,FULL,DP-0601,DP-0601,C,C,WD,
DPB1*30:01,DP-13,F,FULL,DP-1301,DP-1301,C,C,C,
DPB1*31:01,DP-01,F,FULL,DP-0101,DP-0101,C,C,WD,
DPB1*32:01,DP-0201,I,SHORT-CROSSREACTIVE,DP-0201,DP-0201,,,WD,,DP-0201_57,DP-4601_57
DPB1*33:01,DP-0202,F,FULL,DP-0202,DP-0202,I,WD,WD,
DPB1*34:01,DP-0401,F,FULL,DP-0401,DP-0401,C,C,C,
DPB1*35:01,DP-03,F,FULL,DP-0301,DP-0301,C,C,WD,
DPB1*36:01,DP-01,F,FULL,DP-0101,DP-0101,C,WD,,
DPB1*37:01,DP-10,F,FULL,DP-1001,DP-1001,C,,,
DPB1*38:01,DP-01,F,FULL,DP-0101,DP-0101,C,WD,,
DPB1*39:01,DP-0401,F,FULL,DP-0401,DP-0401,C,C,,
DPB1*40:01,DP-0401,F,FULL,DP-0401,DP-0401,C,WD,WD,
DPB1*41:01,DP-0201,F,FULL,DP-0201,DP-0201,C,,C,
DPB1*44:01,DP-06,F,FULL,DP-0601,DP-0601,,,,
DPB1*45:01,DP-45,F,FULL,DP-4501,DP-4501,C,C,C,
DPB1*46:01,DP-46,F,FULL,DP-4601,DP-4601,C,C,C,
DPB1*47:01,DP-0202,F,FULL,DP-0202,DP-0202,C,WD,C,
DPB1*48:01,DP-0201,F,FULL,DP-0201,DP-0201,C,,WD,
DPB1*49:01,DP-0402,F,FULL,DP-0402,DP-0402,C,WD,,
DPB1*50:01,DP-03,F,FULL,DP-0301,DP-0301,C,,WD,
DPB1*51:01,DP-0402,F,FULL,DP-0402,DP-0402,C,C,,
DPB1*52:01,DP-01,F,FULL,DP-0101,DP-0101,I,,,
DPB1*53:01,DP-0402,F,FULL,DP-0402,DP-0402,C,,,
DPB1*54:01,DP-13,F,FULL,DP-1301,DP-1301,WD,,,
DPB1*55:01,DP-13,F,FULL,DP-1301,DP-1301,C,C,,
DPB1*56:01,DP-01,F,FULL,DP-0101,DP-0101,WD,,,
DPB1*57:01,DP-03,F,FULL,DP-0301,DP-0301,I,WD,,
DPB1*58:01,DP-13,F,FULL,DP-1301,DP-1301,,,,
DPB1*59:01,DP-0402,F,FULL,DP-0402,DP-0402,C,C,,
DPB1*60:01,DP-0402,F,FULL,DP-0402,DP-0402,WD,,,
DPB1*62:01,DP-0401,F,FULL,DP-0401,DP-0401,,,,
DPB1*63:01,DP-01,F,FULL,DP-0101,DP-0101,C,C,C,
DPB1*65:01,DP-01,F,FULL,DP-0101,DP-0101,WD,,WD,
DPB1*66:01,DP-0401,F,FULL,DP-0401,DP-0401,WD,,WD,
DPB1*67:01,DP-01,F,FULL,DP-0101,DP-0101,C,,WD,
DPB1*68:01,DP-45,F,FULL,DP-4501,DP-4501,WD,,WD,
DPB1*69:01,DP-03,F,FULL,DP-0301,DP-0301,WD,WD,,
DPB1*70:01,DP-03,F,FULL,DP-0301,DP-0301,I,,WD,
DPB1*71:01,DP-0202,F,FULL,DP-0202,DP-0202,C,,WD,
DPB1*72:01,DP-0401,F,FULL,DP-0401,DP-0401,I,WD,WD,
DPB1*73:01,DP-0402,F,FULL,DP-0402,DP-0402,,,,
DPB1*74:01,DP-0401,F,FULL,DP-0401,DP-0401,WD,,,
DPB1*75:01,DP-0402,F,FULL,DP-0402,DP-0402,WD,,WD,
DPB1*76:01,DP-03,F,FULL,DP-0301,DP-0301,WD,,WD,
DPB1*77:01,DP-0402,F,FULL,DP-0402,DP-0402,WD,,WD,
DPB1*78:01,DP-03,F,FULL,DP-0301,DP-0301,I,WD,WD,
DPB1*79:01,DP-45,F,FULL,DP-4501,DP-4501,I,,WD,
DPB1*80:01,DP-80,F,FULL,DP-8001,DP-8001,C,,WD,
DPB1*81:01,DP-0201,F,FULL,DP-0201,DP-0201,C,C,WD,
DPB1*82:01,DP-0402,F,FULL,DP-0402,DP-0402,I,,WD,
DPB1*83:01,DP-0402,F,FULL,DP-0402,DP-0402,I,,WD,
DPB1*84:01,DP-45,F,FULL,DP-4501,DP-4501,,,,
DPB1*85:01,DP-01,F,FULL,DP-0101,DP-0101,C,C,,
DPB1*86:01,DP-46,F,FULL,DP-4601,DP-4601,WD,,,
DPB1*87:01,DP-01,F,FULL,DP-0101,DP-0101,WD,,,
DPB1*88:01,DP-06,F,FULL,DP-0601,DP-0601,C,,,
DPB1*89:01,DP-01,F,FULL,DP-0101,DP-0101,WD,,,
DPB1*90:01,DP-01,F,FULL,DP-0101,DP-0101,WD,,,
DPB1*91:01,DP-03,F,FULL,DP-0301,DP-0301,C,,,
DPB1*92:01,DP-03,F,FULL,DP-0301,DP-0301,I,,,
DPB1*93:01,DP-10,F,FULL,DP-1001,DP-1001,C,,,
DPB1*94:01,DP-0402,F,FULL,DP-0402,DP-0402,,,,
DPB1*95:01,DP-0202,F,FULL,DP-0202,DP-0202,WD,,,
DPB1*96:01,DP-0401,F,FULL,DP-0401,DP-0401,WD,,,
DPB1*97:01,DP-01,F,FULL,DP-0101,DP-0101,,,,
DPB1*98:01,DP-03,F,FULL,DP-0301,DP-0301,WD,,,
DPB1*99:01,DP-0401,F,FULL,DP-0401,DP-0401,I,,,
DPB1*100:01,DP-0401,F,FULL,DP-0401,DP-0401,I,,,
DPB1*101:01,DP-0202,F,FULL,DP-0202,DP-0202,,,,
DPB1*102:01,DP-01,F,FULL,DP-0101,DP-0101,WD,,,
DPB1*103:01,DP-13,F,FULL,DP-1301,DP-1301,WD,,,
DPB1*104:01,DP-03,F,FULL,DP-0301,DP-0301,C,WD,,
DPB1*105:01,DP-0402,F,FULL,DP-0402,DP-0402,C,C,C,
DPB1*106:01,DP-13,F,FULL,DP-1301,DP-1301,C,WD,WD,
DPB1*107:01,DP-13,F,FULL,DP-1301,DP-1301,,,WD,
DPB1*108:01,DP-80,F,FULL,DP-8001,DP-8001,I,,WD,
DPB1*109:01,DP-0201,F,FULL,DP-0201,DP-0201,I,,WD,
DPB1*110:01,DP-13,F,FULL,DP-1301,DP-1301,WD,,WD,
DPB1*111:01,DP-03,F,FULL,DP-0301,DP-0301,,,,
DPB1*112:01,DP-0401,F,FULL,DP-0401,DP-0401,WD,,,
DPB1*113:01,DP-0201,F,FULL,DP-0201,DP-0201,I,,WD,
DPB1*114:01,DP-01,F,FULL,DP-0101,DP-0101,,,,
DPB1*115:01,DP-0201,F,FULL,DP-0201,DP-0201,I,,WD,
DPB1*116:01,DP-0402,F,FULL,DP-0402,DP-0402,WD,,WD,
DPB1*117:01,DP-0202,F,FULL,DP-0202,DP-0202,,,,
DPB1*118:01,DP-01,F,FULL,DP-0101,DP-0101,,,,
DPB1*119:01,DP-03,I,SHORT,DP-0301,DP-0301,,,,,DP-0301_84
DPB1*121:01,DP-0401,F,FULL,DP-0401,DP-0401,WD,,WD,
DPB1*122:01,DP-45,F,FULL,DP-4501,DP-4501,WD,,WD,
DPB1*123:01,DP-0201,F,FULL,DP-0201,DP-0201,WD,,WD,
DPB1*124:01,DP-03,F,FULL,DP-0301,DP-0301,C,,C,
DPB1*125:01,DP-01,F,FULL,DP-0101,DP-0101,I,,,
DPB1*126:01,DP-0401,F,FULL,DP-0401,DP-0401,C,,C,
DPB1*127:01,DP-01,F,FULL,DP-0101,DP-0101,I,,WD,
DPB1*128:01,DP-0401,F,FULL,DP-0401,DP-0401,I,,WD,
DPB1*129:01,DP-0402,F,FULL,DP-0402,DP-0402,WD,,WD,
DPB1*130:01,DP-03,F,FULL,DP-0301,DP-0301,I,,C,
DPB1*131:01,DP-06,F,FULL,DP-0601,DP-0601,C,,,
DPB1*132:01,DP-03,F,FULL,DP-0301,DP-0301,I,,,
DPB1*133:01,DP-13,F,FULL,DP-1301,DP-1301,C,,,
DPB1*134:01,DP-0401,F,FULL,DP-0401,DP-0401,WD,,,
DPB1*135:01,DP-01,F,FULL,DP-0101,DP-0101,C,,,
DPB1*136:01,DP-45,F,FULL,DP-4501,DP-4501,C,,,
DPB1*137:01,DP-10,F,FULL,DP-1001,DP-1001,WD,,,
DPB1*138:01,DP-0401,F,FULL,DP-0401,DP-0401,C,,,
DPB1*139:01,DP-0401,F,FULL,DP-0401,DP-0401,I,,,
DPB1*140:01,DP-01,F,FULL,DP-0101,DP-0101,,,,
DPB1*141:01,DP-0201,F,FULL,DP-0201,DP-0201,I,,,
DPB1*142:01,DP-01,F,FULL,DP-0101,DP-0101,WD,,,
DPB1*143:01,DP-0402,F,FULL,DP-0402,DP-0402,WD,,,
DPB1*144:01,DP-0402,F,FULL,DP-0402,DP-0402,WD,,,
DPB1*145:01,DP-0201,F,FULL,DP-0201,DP-0201,I,,,
DPB1*146:01,DP-0201,F,FULL,DP-0201,DP-0201,WD,,,
DPB1*147:01,DP-01,F,FULL,DP-0101,DP-0101,WD,,,
DPB1*148:01,DP-0201,F,FULL,DP-0201,DP-0201,,,,
DPB1*149:01,DP-0401,F,FULL,DP-0401,DP-0401,I,,,
DPB1*150:01,DP-01,F,FULL,DP-0101,DP-0101,C,,,
DPB1*151:01,DP-0201,F,FULL,DP-0201,DP-0201,WD,,,
DPB1*152:01,DP-06,F,FULL,DP-0601,DP-0601,WD,,,
DPB1*153:01,DP-0402,F,FULL,DP-0402,DP-0402,I,,,
DPB1*155:01,DP-0201,F,FULL,DP-0201,DP-0201,WD,,,
DPB1*156:01,DP-06,F,FULL,DP-0601,DP-0601,I,,,
DPB1*157:01,DP-06,F,FULL,DP-0601,DP-0601,WD,,,
DPB1*158:01,DP-0401,F,FULL,DP-0401,DP-0401,WD,,,
DPB1*160:01,DP-13,I,SHORT,DP-1301,DP-1301,,,,,DP-1301_85
DPB1*162:01,DP-01,F,FULL,DP-0101,DP-0101,WD,,,
DPB1*163:01,DP-0201,F,FULL,DP-0201,DP-0201,WD,,,
DPB1*164:01,DP-80,F,FULL,DP-8001,DP-8001,WD,,,
DPB1*165:01,DP-10,F,FULL,DP-1001,DP-1001,WD,,,
DPB1*166:01,DP-06,F,FULL,DP-0601,DP-0601,I,,,
DPB1*167:01,DP-10,F,FULL,DP-1001,DP-1001,,,,
DPB1*168:01,DP-06,F,FULL,DP-0601,DP-0601,,,,
DPB1*169:01,DP-0401,F,FULL,DP-0401,DP-0401,,,,
DPB1*170:01,DP-01,F,FULL,DP-0101,DP-0101,WD,,,
DPB1*171:01,DP-01,F,FULL,DP-0101,DP-0101,,,,
DPB1*172:01,DP-0201,F,FULL,DP-0201,DP-0201,WD,,,
DPB1*173:01,DP-13,F,FULL,DP-1301,DP-1301,I,,,
DPB1*174:01,DP-0401,F,FULL,DP-0401,DP-0401,,,,
DPB1*175:01,DP-0401,F,FULL,DP-0401,DP-0401,,,,
DPB1*176:01,DP-0401,F,FULL,DP-0401,DP-0401,,,,
DPB1*177:01,DP-0401,I,SHORT-CROSSREACTIVE,DP-0401,DP-0401,WD,,,,DP-0401_84,DP-3401_84
DPB1*178:01,DP-0401,F,FULL,DP-0401,DP-0401,WD,,,
DPB1*179:01,DP-0202,I,SHORT-CROSSREACTIVE,DP-0202,DP-0202,WD,,,,DP-0202_69,DP-0401_69,DP-1501_84
DPB1*180:01,DP-0401,F,FULL,DP-0401,DP-0401,,,,
DPB1*181:01,DP-0401,F,FULL,DP-0401,DP-0401,WD,,,
DPB1*182:01,DP-06,F,FULL,DP-0601,DP-0601,WD,,,
DPB1*183:01,DP-0402,F,FULL,DP-0402,DP-0402,,,,
DPB1*184:01,DP-45,F,FULL,DP-4501,DP-4501,I,,,
DPB1*185:01,DP-0402,F,FULL,DP-0402,DP-0402,I,,,
DPB1*186:01,DP-0201,F,FULL,DP-0201,DP-0201,WD,,,
DPB1*187:01,DP-0201,F,FULL,DP-0201,DP-0201,WD,,,
DPB1*188:01,DP-0201,F,FULL,DP-0201,DP-0201,WD,,,
DPB1*189:01,DP-0201,F,FULL,DP-0201,DP-0201,WD,,,
DPB1*190:01,DP-0402,F,FULL,DP-0402,DP-0402,I,,,
DPB1*191:01,DP-0201,F,FULL,DP-0201,DP-0201,I,,,
DPB1*192:01,DP-0401,F,FULL,DP-0401,DP-0401,I,,,
DPB1*193:01,DP-0401,F,FULL,DP-0401,DP-0401,,,,
DPB1*194:01,DP-0401,F,FULL,DP-0401,DP-0401,,,,
DPB1*195:01,DP-0401,F,FULL,DP-0401,DP-0401,,,,
DPB1*196:01,DP-0201,F,FULL,DP-0201,DP-0201,,,,
DPB1*197:01,DP-03,F,FULL,DP-0301,DP-0301,,,,
DPB1*198:01,DP-0201,I,SHORT-CROSSREACTIVE,DP-0201,DP-0201,,,,,DP-0201_84,DP-1801_69
DPB1*199:01,DP-0401,F,FULL,DP-0401,DP-0401,WD,,,
DPB1*200:01,DP-0201,F,FULL,DP-0201,DP-0201,WD,,,
DPB1*201:01,DP-01,F,FULL,DP-0101,DP-0101,WD,,,
DPB1*202:01,DP-01,F,FULL,DP-0101,DP-0101,,,,
DPB1*203:01,DP-03,F,FULL,DP-0301,DP-0301,I,,,
DPB1*204:01,DP-45,F,FULL,DP-4501,DP-4501,,,,
DPB1*205:01,DP-03,F,FULL,DP-0301,DP-0301,,,,
DPB1*206:01,DP-13,F,FULL,DP-1301,DP-1301,WD,,,
DPB1*207:01,DP-01,F,FULL,DP-0101,DP-0101,WD,,,
DPB1*208:01,DP-06,F,FULL,DP-0601,DP-0601,WD,,,
DPB1*209:01,DP-01,F,FULL,DP-0101,DP-0101,WD,,,
DPB1*210:01,DP-0402,F,FULL,DP-0402,DP-0402,I,,,
DPB1*211:01,DP-0201,F,FULL,DP-0201,DP-0201,WD,,,
DPB1*212:01,DP-0401,F,FULL,DP-0401,DP-0401,WD,,,
DPB1*213:01,DP-0401,F,FULL,DP-0401,DP-0401,,,,
DPB1*214:01,DP-80,F,FULL,DP-8001,DP-8001,WD,,,
DPB1*215:01,DP-0401,I,SHORT-CROSSREACTIVE,DP-0401,DP-0401,I,,,,DP-0401_57,DP-8001_56
DPB1*217:01,DP-0201,F,FULL,DP-0201,DP-0201,,,,
DPB1*219:01,DP-0402,F,FULL,DP-0402,DP-0402,,,,
DPB1*220:01,DP-01,F,FULL,DP-0101,DP-0101,WD,,,
DPB1*221:01,DP-03,F,FULL,DP-0301,DP-0301,WD,,,
DPB1*222:01,DP-03,F,FULL,DP-0301,DP-0301,I,,,
DPB1*223:01,DP-01,F,FULL,DP-0101,DP-0101,,,,
DPB1*224:01,DP-0401,F,FULL,DP-0401,DP-0401,WD,,,
DPB1*225:01,DP-0401,F,FULL,DP-0401,DP-0401,WD,,,
DPB1*226:01,DP-01,F,FULL,DP-0101,DP-0101,,,,
DPB1*227:01,DP-0401,F,FULL,DP-0401,DP-0401,WD,,,
DPB1*228:01,DP-0401,F,FULL,DP-0401,DP-0401,WD,,,
DPB1*229:01,DP-0201,F,FULL,DP-0201,DP-0201,,,,
DPB1*230:01,DP-0401,I,SHORT,DP-0401,DP-0401,,,,,DP-0401_85
DPB1*231:01,DP-0401,F,FULL,DP-0401,DP-0401,,,,
DPB1*232:01,DP-0401,F,FULL,DP-0401,DP-0401,,,,
DPB1*233:01,DP-0401,F,FULL,DP-0401,DP-0401,WD,,,
DPB1*234:01,DP-06,F,FULL,DP-0601,DP-0601,,,,
DPB1*235:01,DP-46,F,FULL,DP-4601,DP-4601,WD,,,
DPB1*236:01,DP-0201,F,FULL,DP-0201,DP-0201,WD,,,
DPB1*237:01,DP-0201,F,FULL,DP-0201,DP-0201,,,,
DPB1*238:01,DP-0201,F,FULL,DP-0201,DP-0201,I,,,
DPB1*239:01,DP-0201,F,FULL,DP-0201,DP-0201,,,,
DPB1*240:01,DP-0401,F,FULL,DP-0401,DP-0401,I,,,
DPB1*241:01,DP-06,F,FULL,DP-0601,DP-0601,,,,
DPB1*242:01,DP-03,I,SHORT,DP-0301,DP-0301,I,,,,DP-0301_85
DPB1*243:01,DP-03,F,FULL,DP-0301,DP-0301,,,,
DPB1*244:01,DP-01,F,FULL,DP-0101,DP-0101,WD,,,
DPB1*245:01,DP-06,F,FULL,DP-0601,DP-0601,WD,,,
DPB1*246:01,DP-13,F,FULL,DP-1301,DP-1301,WD,,,
DPB1*247:01,DP-13,F,FULL,DP-1301,DP-1301,,,,
DPB1*248:01,DP-03,F,FULL,DP-0301,DP-0301,,,,
DPB1*249:01,DP-06,F,FULL,DP-0601,DP-0601,WD,,,
DPB1*250:01,DP-01,F,FULL,DP-0101,DP-0101,,,,
DPB1*251:01,DP-06,F,FULL,DP-0601,DP-0601,,,,
DPB1*252:01,DP-0402,F,FULL,DP-0402,DP-0402,,,,
DPB1*253:01,DP-0401,F,FULL,DP-0401,DP-0401,,,,
DPB1*254:01,DP-0401,I,SHORT-CROSSREACTIVE,DP-0401,DP-0401,,,,,DP-0401_56,DP-0402_56
DPB1*255:01,DP-0401,F,FULL,DP-0401,DP-0401,,,,
DPB1*256:01,DP-0402,F,FULL,DP-0402,DP-0402,WD,,,
DPB1*257:01,DP-0402,F,FULL,DP-0402,DP-0402,WD,,,
DPB1*258:01,DP-0201,F,FULL,DP-0201,DP-0201,WD,,,
DPB1*259:01,DP-03,F,FULL,DP-0301,DP-0301,WD,,,
DPB1*260:01,DP-0402,F,FULL,DP-0402,DP-0402,WD,,,
DPB1*261:01,DP-0201,F,FULL,DP-0201,DP-0201,,,,
DPB1*262:01,DP-0401,F,FULL,DP-0401,DP-0401,,,,
DPB1*263:01,DP-0402,F,FULL,DP-0402,DP-0402,,,,
DPB1*264:01,DP-01,F,FULL,DP-0101,DP-0101,WD,,,
DPB1*265:01,DP-10,F,FULL,DP-1001,DP-1001,WD,,,
DPB1*266:01,DP-06,F,FULL,DP-0601,DP-0601,WD,,,
DPB1*267:01,DP-01,F,FULL,DP-0101,DP-0101,,,,
DPB1*268:01,DP-01,F,FULL,DP-0101,DP-0101,,,,
DPB1*269:01,DP-10,F,FULL,DP-1001,DP-1001,I,,,
DPB1*270:01,DP-03,F,FULL,DP-0301,DP-0301,WD,,,
DPB1*271:01,DP-0402,F,FULL,DP-0402,DP-0402,I,,,
DPB1*272:01,DP-0401,F,FULL,DP-0401,DP-0401,,,,
DPB1*273:01,DP-0201,F,FULL,DP-0201,DP-0201,,,,
DPB1*274:01,DP-0402,F,FULL,DP-0402,DP-0402,WD,,,
DPB1*275:01,DP-0401,F,FULL,DP-0401,DP-0401,,,,
DPB1*276:01,DP-0401,F,FULL,DP-0401,DP-0401,,,,
DPB1*277:01,DP-10,F,FULL,DP-1001,DP-1001,WD,,,
DPB1*278:01,DP-0401,F,FULL,DP-0401,DP-0401,,,,
DPB1*279:01,DP-0401,I,SHORT,DP-0401,DP-0401,,,,,DP-0401_85
DPB1*280:01,DP-0401,I,SHORT,DP-0401,DP-0401,,,,,DP-0401_85
DPB1*281:01,DP-0401,F,FULL,DP-0401,DP-0401,C,,,
DPB1*282:01,DP-0401,F,FULL,DP-0401,DP-0401,WD,,,
DPB1*283:01,DP-0401,F,FULL,DP-0401,DP-0401,WD,,,
DPB1*284:01,DP-01,F,FULL,DP-0101,DP-0101,WD,,,
DPB1*285:01,DP-45,F,FULL,DP-4501,DP-4501,WD,,,
DPB1*286:01,DP-0402,F,FULL,DP-0402,DP-0402,,,,
DPB1*287:01,DP-06,F,FULL,DP-0601,DP-0601,,,,
DPB1*288:01,DP-06,F,FULL,DP-0601,DP-0601,WD,,,
DPB1*289:01,DP-06,F,FULL,DP-0601,DP-0601,,,,
DPB1*290:01,DP-0401,F,FULL,DP-0401,DP-0401,WD,,,
DPB1*291:01,DP-01,F,FULL,DP-0101,DP-0101,WD,,,
DPB1*292:01,DP-0402,I,SHORT-CROSSREACTIVE,DP-0402,DP-0402,,,,,DP-1801_57,DP-8001_84
DPB1*293:01,DP-03,F,FULL,DP-0301,DP-0301,,,,
DPB1*294:01,DP-0401,F,FULL,DP-0401,DP-0401,WD,,,
DPB1*295:01,DP-13,F,FULL,DP-1301,DP-1301,WD,,,
DPB1*296:01,DP-0402,F,FULL,DP-0402,DP-0402,C,,,
DPB1*297:01,DP-0201,F,FULL,DP-0201,DP-0201,,,,
DPB1*298:01,DP-0401,F,FULL,DP-0401,DP-0401,,,,
DPB1*299:01,DP-0401,F,FULL,DP-0401,DP-0401,,,,
DPB1*300:01,DP-01,F,FULL,DP-0101,DP-0101,I,,,
DPB1*301:01,DP-01,F,FULL,DP-0101,DP-0101,WD,,,
DPB1*302:01,DP-0202,F,FULL,DP-0202,DP-0202,,,,
DPB1*303:01,DP-0202,I,SHORT-CROSSREACTIVE,DP-0202,DP-0202,WD,,,,DP-0202_69,DP-0401_69,DP-1501_84
DPB1*304:01,DP-13,F,FULL,DP-1301,DP-1301,,,,
DPB1*305:01,DP-13,F,FULL,DP-1301,DP-1301,WD,,,
DPB1*306:01,DP-0401,F,FULL,DP-0401,DP-0401,,,,
DPB1*307:01,DP-0402,F,FULL,DP-0402,DP-0402,,,,
DPB1*308:01,DP-0402,F,FULL,DP-0402,DP-0402,,,,
DPB1*309:01,DP-0201,I,SHORT-CROSSREACTIVE,DP-0201,DP-0201,WD,,,,DP-0201_69,DP-0402_69
DPB1*310:01,DP-0201,F,FULL,DP-0201,DP-0201,,,,
DPB1*311:01,DP-0201,F,FULL,DP-0201,DP-0201,,,,
DPB1*312:01,DP-45,F,FULL,DP-4501,DP-4501,WD,,,
DPB1*313:01,DP-10,F,FULL,DP-1001,DP-1001,WD,,,
DPB1*314:01,DP-13,F,FULL,DP-1301,DP-1301,WD,,,
DPB1*315:01,DP-01,F,FULL,DP-0101,DP-0101,,,,
DPB1*316:01,DP-45,F,FULL,DP-4501,DP-4501,,,,
DPB1*317:01,DP-01,F,FULL,DP-0101,DP-0101,,,,
DPB1*318:01,DP-0401,F,FULL,DP-0401,DP-0401,WD,,,
DPB1*319:01,DP-0401,F,FULL,DP-0401,DP-0401,WD,,,
DPB1*320:01,DP-0401,F,FULL,DP-0401,DP-0401,WD,,,
DPB1*321:01,DP-0402,F,FULL,DP-0402,DP-0402,WD,,,
DPB1*322:01,DP-0202,I,SHORT-CROSSREACTIVE,DP-0202,DP-0202,,,,,DP-0202_69,DP-0401_69,DP-1501_84
DPB1*323:01,DP-0401,F,FULL,DP-0401,DP-0401,,,,
DPB1*324:01,DP-10,F,FULL,DP-1001,DP-1001,,,,
DPB1*325:01,DP-13,F,FULL,DP-1301,DP-1301,,,,
DPB1*326:01,DP-01,F,FULL,DP-0101,DP-0101,,,,
DPB1*327:01,DP-01,F,FULL,DP-0101,DP-0101,,,,
DPB1*329:01,DP-03,F,FULL,DP-0301,DP-0301,WD,,,
DPB1*330:01,DP-01,I,SHORT,DP-0101,DP-0101,,,,,DP-0101_85
DPB1*331:01,DP-01,F,FULL,DP-0101,DP-0101,,,,
DPB1*332:01,DP-46,F,FULL,DP-4601,DP-4601,,,,
DPB1*333:01,DP-0401,F,FULL,DP-0401,DP-0401,WD,,,
DPB1*334:01,DP-0401,F,FULL,DP-0401,DP-0401,,,,
DPB1*335:01,DP-0401,F,FULL,DP-0401,DP-0401,,,,
DPB1*336:01,DP-0401,F,FULL,DP-0401,DP-0401,,,,
DPB1*337:01,DP-01,F,FULL,DP-0101,DP-0101,,,,
DPB1*338:01,DP-0402,F,FULL,DP-0402,DP-0402,,,,
DPB1*339:01,DP-0201,F,FULL,DP-0201,DP-0201,WD,,,
DPB1*340:01,DP-13,F,FULL,DP-1301,DP-1301,WD,,,
DPB1*341:01,DP-0401,F,FULL,DP-0401,DP-0401,,,,
DPB1*342:01,DP-0402,F,FULL,DP-0402,DP-0402,,,,
DPB1*343:01,DP-06,F,FULL,DP-0601,DP-0601,,,,
DPB1*344:01,DP-0201,F,FULL,DP-0201,DP-0201,,,,
DPB1*345:01,DP-0401,F,FULL,DP-0401,DP-0401,WD,,,
DPB1*346:01,DP-01,F,FULL,DP-0101,DP-0101,,,,
DPB1*347:01,DP-0201,I,SHORT-CROSSREACTIVE,DP-0201,DP-0201,,,,,DP-0201_84,DP-1801_69
DPB1*348:01,DP-01,F,FULL,DP-0101,DP-0101,WD,,,
DPB1*349:01,DP-10,F,FULL,DP-1001,DP-1001,,,,
DPB1*350:01,DP-0401,F,FULL,DP-0401,DP-0401,C,,,
DPB1*351:01,DP-03,F,FULL,DP-0301,DP-0301,WD,,,
DPB1*352:01,DP-0201,F,FULL,DP-0201,DP-0201,WD,,,
DPB1*353:01,DP-01,F,FULL,DP-0101,DP-0101,,,,
DPB1*354:01,DP-0401,F,FULL,DP-0401,DP-0401,,,,
DPB1*355:01,DP-80,F,FULL,DP-8001,DP-8001,WD,,,
DPB1*356:01,DP-0401,F,FULL,DP-0401,DP-0401,WD,,,
DPB1*358:01,DP-13,F,FULL,DP-1301,DP-1301,WD,,,
DPB1*359:01,DP-0201,F,FULL,DP-0201,DP-0201,,,,
DPB1*360:01,DP-0401,F,FULL,DP-0401,DP-0401,,,,
DPB1*361:01,DP-06,F,FULL,DP-0601,DP-0601,,,,
DPB1*362:01,DP-13,F,FULL,DP-1301,DP-1301,,,,
DPB1*363:01,DP-03,F,FULL,DP-0301,DP-0301,WD,,,
DPB1*364:01,DP-0402,F,FULL,DP-0402,DP-0402,,,,
DPB1*365:01,DP-0402,F,FULL,DP-0402,DP-0402,,,,
DPB1*366:01,DP-0201,F,FULL,DP-0201,DP-0201,,,,
DPB1*367:01,DP-0201,F,FULL,DP-0201,DP-0201,,,,
DPB1*368:01,DP-0402,F,FULL,DP-0402,DP-0402,,,,
DPB1*369:01,DP-0402,F,FULL,DP-0402,DP-0402,,,,
DPB1*370:01,DP-01,F,FULL,DP-0101,DP-0101,WD,,,
DPB1*371:01,DP-13,F,FULL,DP-1301,DP-1301,,,,
DPB1*372:01,DP-0401,F,FULL,DP-0401,DP-0401,,,,
DPB1*373:01,DP-0402,F,FULL,DP-0402,DP-0402,,,,
DPB1*374:01,DP-0402,F,FULL,DP-0402,DP-0402,WD,,,
DPB1*375:01,DP-0401,F,FULL,DP-0401,DP-0401,,,,
DPB1*376:01,DP-0401,F,FULL,DP-0401,DP-0401,,,,
DPB1*377:01,DP-0401,F,FULL,DP-0401,DP-0401,WD,,,
DPB1*378:01,DP-0401,F,FULL,DP-0401,DP-0401,,,,
DPB1*379:01,DP-03,F,FULL,DP-0301,DP-0301,,,,
DPB1*380:01,DP-0402,F,FULL,DP-0402,DP-0402,,,,
DPB1*381:01,DP-0201,F,FULL,DP-0201,DP-0201,,,,
DPB1*383:01,DP-03,F,FULL,DP-0301,DP-0301,,,,
DPB1*384:01,DP-06,F,FULL,DP-0601,DP-0601,,,,
DPB1*385:01,DP-03,F,FULL,DP-0301,DP-0301,,,,
DPB1*386:01,DP-06,F,FULL,DP-0601,DP-0601,,,,
DPB1*387:01,DP-0401,F,FULL,DP-0401,DP-0401,,,,
DPB1*388:01,DP-01,F,FULL,DP-0101,DP-0101,,,,
DPB1*389:01,DP-13,F,FULL,DP-1301,DP-1301,,,,
DPB1*390:01,DP-01,F,FULL,DP-0101,DP-0101,,,,
DPB1*391:01,DP-03,F,FULL,DP-0301,DP-0301,WD,,,
DPB1*392:01,DP-0401,F,FULL,DP-0401,DP-0401,,,,
DPB1*393:01,DP-13,F,FULL,DP-1301,DP-1301,WD,,,
DPB1*394:01,DP-03,F,FULL,DP-0301,DP-0301,WD,,,
DPB1*395:01,DP-01,F,FULL,DP-0101,DP-0101,,,,
DPB1*396:01,DP-0401,F,FULL,DP-0401,DP-0401,WD,,,
DPB1*397:01,DP-0401,F,FULL,DP-0401,DP-0401,WD,,,
DPB1*398:01,DP-01,F,FULL,DP-0101,DP-0101,WD,,,
DPB1*399:01,DP-0401,F,FULL,DP-0401,DP-0401,,,,
DPB1*400:01,DP-13,F,FULL,DP-1301,DP-1301,,,,
DPB1*402:01,DP-0402,F,FULL,DP-0402,DP-0402,,,,
DPB1*404:01,DP-03,F,FULL,DP-0301,DP-0301,,,,
DPB1*405:01,DP-03,F,FULL,DP-0301,DP-0301,,,,
DPB1*406:01,DP-0202,F,FULL,DP-0202,DP-0202,,,,
DPB1*407:01,DP-06,F,FULL,DP-0601,DP-0601,,,,
DPB1*408:01,DP-13,F,FULL,DP-1301,DP-1301,,,,
DPB1*409:01,DP-03,F,FULL,DP-0301,DP-0301,,,,
DPB1*410:01,DP-10,F,FULL,DP-1001,DP-1001,,,,
DPB1*411:01,DP-01,F,FULL,DP-0101,DP-0101,,,,
DPB1*412:01,DP-01,F,FULL,DP-0101,DP-0101,WD,,,
DPB1*413:01,DP-06,F,FULL,DP-0601,DP-0601,WD,,,
DPB1*414:01,DP-0201,F,FULL,DP-0201,DP-0201,C,,,
DPB1*415:01,DP-0401,F,FULL,DP-0401,DP-0401,C,,,
DPB1*416:01,DP-0201,F,FULL,DP-0201,DP-0201,C,,,
DPB1*417:01,DP-01,F,FULL,DP-0101,DP-0101,WD,,,
DPB1*418:01,DP-0401,F,FULL,DP-0401,DP-0401,,,,
DPB1*419:01,DP-0201,F,FULL,DP-0201,DP-0201,,,,
DPB1*420:01,DP-0402,F,FULL,DP-0402,DP-0402,,,,
DPB1*421:01,DP-0201,F,FULL,DP-0201,DP-0201,,,,
DPB1*422:01,DP-10,F,FULL,DP-1001,DP-1001,WD,,,
DPB1*423:01,DP-0201,F,FULL,DP-0201,DP-0201,,,,
DPB1*424:01,DP-0402,F,FULL,DP-0402,DP-0402,WD,,,
DPB1*425:01,DP-0401,F,FULL,DP-0401,DP-0401,,,,
DPB1*426:01,DP-0401,F,FULL,DP-0401,DP-0401,,,,
DPB1*427:01,DP-0401,I,SHORT-CROSSREACTIVE,DP-0401,DP-0401,,,,,DP-0401_56,DP-0402_56
DPB1*428:01,DP-0401,F,FULL,DP-0401,DP-0401,,,,
DPB1*429:01,DP-0402,F,FULL,DP-0402,DP-0402,,,,
DPB1*430:01,DP-0402,F,FULL,DP-0402,DP-0402,,,,
DPB1*431:01,DP-0402,I,SHORT,DP-0402,DP-0402,,,,,DP-0402_85
DPB1*432:01,DP-0201,F,FULL,DP-0201,DP-0201,,,,
DPB1*433:01,DP-0201,F,FULL,DP-0201,DP-0201,WD,,,
DPB1*434:01,DP-0401,F,FULL,DP-0401,DP-0401,,,,
DPB1*435:01,DP-0401,F,FULL,DP-0401,DP-0401,,,,
DPB1*436:01,DP-01,I,SHORT,DP-0101,DP-0101,,,,,DP-0101_86
DPB1*437:01,DP-01,F,FULL,DP-0101,DP-0101,,,,
DPB1*438:01,DP-13,F,FULL,DP-1301,DP-1301,,,,
DPB1*439:01,DP-03,F,FULL,DP-0301,DP-0301,,,,
DPB1*440:01,DP-0401,F,FULL,DP-0401,DP-0401,,,,
DPB1*441:01,DP-0201,F,FULL,DP-0201,DP-0201,WD,,,
DPB1*442:01,DP-03,F,FULL,DP-0301,DP-0301,,,,
DPB1*443:01,DP-0402,F,FULL,DP-0402,DP-0402,,,,
DPB1*444:01,DP-0201,F,FULL,DP-0201,DP-0201,,,,
DPB1*445:01,DP-03,F,FULL,DP-0301,DP-0301,I,,,
DPB1*446:01,DP-03,F,FULL,DP-0301,DP-0301,,,,
DPB1*447:01,DP-06,F,FULL,DP-0601,DP-0601,,,,
DPB1*448:01,DP-10,F,FULL,DP-1001,DP-1001,WD,,,
DPB1*449:01,DP-13,F,FULL,DP-1301,DP-1301,,,,
DPB1*451:01,DP-0401,F,FULL,DP-0401,DP-0401,,,,
DPB1*452:01,DP-0201,F,FULL,DP-0201,DP-0201,,,,
DPB1*453:01,DP-0401,F,FULL,DP-0401,DP-0401,,,,
DPB1*454:01,DP-0401,I,SHORT,DP-0401,DP-0401,WD,,,,DP-0401_85
DPB1*456:01,DP-0401,F,FULL,DP-0401,DP-0401,,,,
DPB1*457:01,DP-0201,F,FULL,DP-0201,DP-0201,,,,
DPB1*458:01,DP-01,F,FULL,DP-0101,DP-0101,,,,
DPB1*459:01,DP-0401,F,FULL,DP-0401,DP-0401,WD,,,
DPB1*460:01,DP-06,F,FULL,DP-0601,DP-0601,WD,,,
DPB1*461:01,DP-0201,F,FULL,DP-0201,DP-0201,,,,
DPB1*462:01,DP-01,F,FULL,DP-0101,DP-0101,I,,,
DPB1*463:01,DP-0402,F,FULL,DP-0402,DP-0402,C,,,
DPB1*464:01,DP-0401,F,FULL,DP-0401,DP-0401,I,,,
DPB1*465:01,DP-0401,F,FULL,DP-0401,DP-0401,,,,
DPB1*466:01,DP-45,F,FULL,DP-4501,DP-4501,,,,
DPB1*467:01,DP-0201,I,SHORT,DP-0201,DP-0201,,,,,DP-0201_85
DPB1*468:01,DP-0401,F,FULL,DP-0401,DP-0401,,,,
DPB1*469:01,DP-0201,F,FULL,DP-0201,DP-0201,,,,
DPB1*470:01,DP-10,F,FULL,DP-1001,DP-1001,,,,
DPB1*471:01,DP-0401,F,FULL,DP-0401,DP-0401,,,,
DPB1*472:01,DP-03,F,FULL,DP-0301,DP-0301,,,,
DPB1*473:01,DP-01,F,FULL,DP-0101,DP-0101,,,,
DPB1*474:01,DP-0202,F,FULL,DP-0202,DP-0202,WD,,,
DPB1*475:01,DP-0401,F,FULL,DP-0401,DP-0401,,,,
DPB1*476:01,DP-0401,F,FULL,DP-0401,DP-0401,,,,
DPB1*477:01,DP-0402,F,FULL,DP-0402,DP-0402,,,,
DPB1*478:01,DP-0202,F,FULL,DP-0202,DP-0202,,,,
DPB1*479:01,DP-0401,F,FULL,DP-0401,DP-0401,,,,
DPB1*480:01,DP-0202,I,SHORT-CROSSREACTIVE,DP-0202,DP-0202,,,,,DP-0202_69,DP-0401_69,DP-1501_84
DPB1*481:01,DP-01,F,FULL,DP-0101,DP-0101,,,,
DPB1*482:01,DP-0401,F,FULL,DP-0401,DP-0401,WD,,,
DPB1*483:01,DP-01,F,FULL,DP-0101,DP-0101,,,,
DPB1*484:01,DP-0402,I,SHORT-CROSSREACTIVE,DP-0402,DP-0402,,,,,DP-1801_57,DP-8001_84
DPB1*485:01,DP-0401,F,FULL,DP-0401,DP-0401,,,,
DPB1*486:01,DP-0401,F,FULL,DP-0401,DP-0401,WD,,,
DPB1*487:01,DP-0401,F,FULL,DP-0401,DP-0401,,,,
DPB1*488:01,DP-0402,F,FULL,DP-0402,DP-0402,,,,
DPB1*489:01,DP-0201,F,FULL,DP-0201,DP-0201,,,,
DPB1*490:01,DP-01,F,FULL,DP-0101,DP-0101,,,,
DPB1*491:01,DP-03,F,FULL,DP-0301,DP-0301,,,,
DPB1*492:01,DP-03,F,FULL,DP-0301,DP-0301,,,,
DPB1*493:01,DP-0401,F,FULL,DP-0401,DP-0401,,,,
DPB1*494:01,DP-0402,F,FULL,DP-0402,DP-0402,,,,
DPB1*495:01,DP-01,F,FULL,DP-0101,DP-0101,WD,,,
DPB1*496:01,DP-0202,F,FULL,DP-0202,DP-0202,,,,
DPB1*497:01,DP-0401,F,FULL,DP-0401,DP-0401,,,,
DPB1*498:01,DP-03,F,FULL,DP-0301,DP-0301,I,,,
DPB1*499:01,DP-0402,F,FULL,DP-0402,DP-0402,,,,
DPB1*500:01,DP-0401,F,FULL,DP-0401,DP-0401,,,,
DPB1*501:01,DP-0201,F,FULL,DP-0201,DP-0201,WD,,,
DPB1*502:01,DP-0201,F,FULL,DP-0201,DP-0201,,,,
DPB1*503:01,DP-13,F,FULL,DP-1301,DP-1301,WD,,,
DPB1*504:01,DP-06,F,FULL,DP-0601,DP-0601,,,,
DPB1*505:01,DP-06,F,FULL,DP-0601,DP-0601,,,,
DPB1*506:01,DP-03,F,FULL,DP-0301,DP-0301,,,,
DPB1*508:01,DP-80,F,FULL,DP-8001,DP-8001,,,,
DPB1*509:01,DP-03,F,FULL,DP-0301,DP-0301,,,,
DPB1*510:01,DP-0201,F,FULL,DP-0201,DP-0201,,,,
DPB1*511:01,DP-0201,F,FULL,DP-0201,DP-0201,,,,
DPB1*512:01,DP-0401,F,FULL,DP-0401,DP-0401,,,,
DPB1*513:01,DP-0201,I,SHORT,DP-0201,DP-0201,,,,,DP-0201_84
DPB1*514:01,DP-10,F,FULL,DP-1001,DP-1001,WD,,,
DPB1*515:01,DP-10,F,FULL,DP-1001,DP-1001,,,,
DPB1*516:01,DP-01,F,FULL,DP-0101,DP-0101,,,,
DPB1*517:01,DP-01,F,FULL,DP-0101,DP-0101,,,,
DPB1*518:01,DP-13,F,FULL,DP-1301,DP-1301,,,,
DPB1*519:01,DP-13,F,FULL,DP-1301,DP-1301,,,,
DPB1*520:01,DP-0401,F,FULL,DP-0401,DP-0401,WD,,,
DPB1*521:01,DP-0401,F,FULL,DP-0401,DP-0401,WD,,,
DPB1*522:01,DP-0401,F,FULL,DP-0401,DP-0401,,,,
DPB1*523:01,DP-0401,F,FULL,DP-0401,DP-0401,,,,
DPB1*524:01,DP-0401,F,FULL,DP-0401,DP-0401,,,,
DPB1*525:01,DP-0402,F,FULL,DP-0402,DP-0402,,,,
DPB1*526:01,DP-0201,I,SHORT-CROSSREACTIVE,DP-0201,DP-0201,I,,,,DP-0201_84,DP-1801_69
DPB1*527:01,DP-01,F,FULL,DP-0101,DP-0101,,,,
DPB1*528:01,DP-0201,F,FULL,DP-0201,DP-0201,,,,
DPB1*529:01,DP-0401,F,FULL,DP-0401,DP-0401,,,,
DPB1*530:01,DP-06,F,FULL,DP-0601,DP-0601,,,,
DPB1*531:01,DP-0202,I,SHORT-CROSSREACTIVE,DP-0202,DP-0202,,,,,DP-0202_69,DP-0401_69,DP-1501_84
DPB1*532:01,DP-45,F,FULL,DP-4501,DP-4501,,,,
DPB1*533:01,DP-13,F,FULL,DP-1301,DP-1301,,,,
DPB1*534:01,DP-0401,F,FULL,DP-0401,DP-0401,,,,
DPB1*535:01,DP-13,F,FULL,DP-1301,DP-1301,I,,,
DPB1*536:01,DP-03,F,FULL,DP-0301,DP-0301,,,,
DPB1*537:01,DP-0201,F,FULL,DP-0201,DP-0201,,,,
DPB1*538:01,DP-01,F,FULL,DP-0101,DP-0101,,,,
DPB1*539:01,DP-0402,F,FULL,DP-0402,DP-0402,,,,
DPB1*540:01,DP-80,F,FULL,DP-8001,DP-8001,,,,
DPB1*541:01,DP-06,F,FULL,DP-0601,DP-0601,,,,
DPB1*542:01,DP-01,F,FULL,DP-0101,DP-0101,,,,
DPB1*543:01,DP-01,F,FULL,DP-0101,DP-0101,,,,
DPB1*544:01,DP-13,F,FULL,DP-1301,DP-1301,,,,
DPB1*545:01,DP-03,F,FULL,DP-0301,DP-0301,,,,
DPB1*546:01,DP-06,I,SHORT,DP-0601,DP-0601,,,,,DP-0601_85
DPB1*547:01,DP-0202,F,FULL,DP-0202,DP-0202,WD,,,
DPB1*548:01,DP-03,F,FULL,DP-0301,DP-0301,,,,
DPB1*549:01,DP-0402,F,FULL,DP-0402,DP-0402,,,,
DPB1*550:01,DP-13,F,FULL,DP-1301,DP-1301,,,,
DPB1*552:01,DP-10,F,FULL,DP-1001,DP-1001,,,,
DPB1*553:01,DP-0401,F,FULL,DP-0401,DP-0401,,,,
DPB1*554:01,DP-0401,F,FULL,DP-0401,DP-0401,,,,
DPB1*555:01,DP-46,F,FULL,DP-4601,DP-4601,,,,
DPB1*556:01,DP-0401,F,FULL,DP-0401,DP-0401,,,,
DPB1*557:01,DP-0201,F,FULL,DP-0201,DP-0201,,,,
DPB1*558:01,DP-13,F,FULL,DP-1301,DP-1301,,,,
DPB1*559:01,DP-0401,F,FULL,DP-0401,DP-0401,WD,,,
DPB1*560:01,DP-01,F,FULL,DP-0101,DP-0101,,,,
DPB1*561:01,DP-0202,F,FULL,DP-0202,DP-0202,,,,
DPB1*562:01,DP-01,F,FULL,DP-0101,DP-0101,,,,
DPB1*563:01,DP-13,F,FULL,DP-1301,DP-1301,,,,
DPB1*564:01,DP-13,F,FULL,DP-1301,DP-1301,,,,
DPB1*565:01,DP-13,F,FULL,DP-1301,DP-1301,,,,
DPB1*566:01,DP-06,F,FULL,DP-0601,DP-0601,,,,
DPB1*567:01,DP-06,F,FULL,DP-0601,DP-0601,,,,
DPB1*568:01,DP-03,F,FULL,DP-0301,DP-0301,,,,
DPB1*569:01,DP-0401,F,FULL,DP-0401,DP-0401,,,,
DPB1*571:01,DP-0402,F,FULL,DP-0402,DP-0402,,,,
DPB1*572:01,DP-03,F,FULL,DP-0301,DP-0301,WD,,,
DPB1*573:01,DP-01,F,FULL,DP-0101,DP-0101,,,,
DPB1*574:01,DP-0402,F,FULL,DP-0402,DP-0402,,,,
DPB1*575:01,DP-0401,F,FULL,DP-0401,DP-0401,,,,
DPB1*576:01,DP-0202,F,FULL,DP-0202,DP-0202,,,,
DPB1*577:01,DP-0402,F,FULL,DP-0402,DP-0402,,,,
DPB1*578:01,DP-0401,F,FULL,DP-0401,DP-0401,,,,
DPB1*579:01,DP-0201,F,FULL,DP-0201,DP-0201,,,,
DPB1*580:01,DP-0401,F,FULL,DP-0401,DP-0401,,,,
DPB1*581:01,DP-46,F,FULL,DP-4601,DP-4601,,,,
DPB1*582:01,DP-0201,F,FULL,DP-0201,DP-0201,,,,
DPB1*583:01,DP-0401,F,FULL,DP-0401,DP-0401,,,,
DPB1*584:01,DP-0401,F,FULL,DP-0401,DP-0401,C,,,
DPB1*585:01,DP-0401,F,FULL,DP-0401,DP-0401,WD,,,
DPB1*586:01,DP-0402,F,FULL,DP-0402,DP-0402,,,,
DPB1*587:01,DP-01,F,FULL,DP-0101,DP-0101,,,,
DPB1*588:01,DP-01,F,FULL,DP-0101,DP-0101,,,,
DPB1*589:01,DP-01,I,SHORT,DP-0101,DP-0101,,,,,DP-0101_85
DPB1*590:01,DP-0202,F,FULL,DP-0202,DP-0202,,,,
DPB1*591:01,DP-0401,F,FULL,DP-0401,DP-0401,,,,
DPB1*592:01,DP-0401,F,FULL,DP-0401,DP-0401,,,,
DPB1*593:01,DP-0401,F,FULL,DP-0401,DP-0401,,,,
DPB1*594:01,DP-0402,F,FULL,DP-0402,DP-0402,,,,
DPB1*595:01,DP-0402,F,FULL,DP-0402,DP-0402,,,,
DPB1*596:01,DP-0402,F,FULL,DP-0402,DP-0402,,,,
DPB1*597:01,DP-13,F,FULL,DP-1301,DP-1301,,,,
DPB1*599:01,DP-01,F,FULL,DP-0101,DP-0101,,,,
DPB1*600:01,DP-13,F,FULL,DP-1301,DP-1301,,,,
DPB1*601:01,DP-46,F,FULL,DP-4601,DP-4601,,,,
DPB1*602:01,DP-0201,F,FULL,DP-0201,DP-0201,,,,
DPB1*603:01,DP-0201,F,FULL,DP-0201,DP-0201,,,,
DPB1*604:01,DP-0201,F,FULL,DP-0201,DP-0201,,,,
DPB1*605:01,DP-0402,I,SHORT-CROSSREACTIVE,DP-0402,DP-0402,,,,,DP-0402_57,DP-8001_57
DPB1*606:01,DP-0402,F,FULL,DP-0402,DP-0402,,,,
DPB1*607:01,DP-0401,F,FULL,DP-0401,DP-0401,,,,
DPB1*608:01,DP-10,F,FULL,DP-1001,DP-1001,,,,
DPB1*609:01,DP-13,F,FULL,DP-1301,DP-1301,,,,
DPB1*610:01,DP-03,F,FULL,DP-0301,DP-0301,,,,
DPB1*611:01,DP-01,F,FULL,DP-0101,DP-0101,,,,
DPB1*612:01,DP-13,F,FULL,DP-1301,DP-1301,,,,
DPB1*613:01,DP-03,F,FULL,DP-0301,DP-0301,,,,
DPB1*614:01,DP-0401,F,FULL,DP-0401,DP-0401,,,,
DPB1*615:01,DP-0401,F,FULL,DP-0401,DP-0401,,,,
DPB1*616:01,DP-01,F,FULL,DP-0101,DP-0101,,,,
DPB1*617:01,DP-0201,F,FULL,DP-0201,DP-0201,WD,,,
DPB1*618:01,DP-0401,F,FULL,DP-0401,DP-0401,,,,
DPB1*619:01,DP-01,F,FULL,DP-0101,DP-0101,,,,
DPB1*620:01,DP-80,F,FULL,DP-8001,DP-8001,,,,
DPB1*621:01,DP-03,F,FULL,DP-0301,DP-0301,,,,
DPB1*622:01,DP-0201,F,FULL,DP-0201,DP-0201,,,,
DPB1*623:01,DP-01,F,FULL,DP-0101,DP-0101,,,,
DPB1*624:01,DP-0402,F,FULL,DP-0402,DP-0402,,,,
DPB1*625:01,DP-0401,F,FULL,DP-0401,DP-0401,,,,
DPB1*626:01,DP-0202,F,FULL,DP-0202,DP-0202,,,,
DPB1*627:01,DP-0402,F,FULL,DP-0402,DP-0402,,,,
DPB1*628:01,DP-0201,F,FULL,DP-0201,DP-0201,,,,
DPB1*629:01,DP-03,F,FULL,DP-0301,DP-0301,,,,
DPB1*630:01,DP-06,F,FULL,DP-0601,DP-0601,,,,
DPB1*631:01,DP-13,F,FULL,DP-1301,DP-1301,,,,
DPB1*632:01,DP-01,F,FULL,DP-0101,DP-0101,,,,
DPB1*633:01,DP-10,F,FULL,DP-1001,DP-1001,,,,
DPB1*634:01,DP-13,F,FULL,DP-1301,DP-1301,,,,
DPB1*635:01,DP-01,F,FULL,DP-0101,DP-0101,,,,
DPB1*636:01,DP-01,F,FULL,DP-0101,DP-0101,,,,
DPB1*637:01,DP-0201,F,FULL,DP-0201,DP-0201,,,,
DPB1*638:01,DP-01,F,FULL,DP-0101,DP-0101,,,,
DPB1*639:01,DP-0201,F,FULL,DP-0201,DP-0201,,,,
DPB1*640:01,DP-0201,F,FULL,DP-0201,DP-0201,WD,,,
DPB1*641:01,DP-0201,F,FULL,DP-0201,DP-0201,,,,
DPB1*642:01,DP-0401,F,FULL,DP-0401,DP-0401,,,,
DPB1*643:01,DP-0401,F,FULL,DP-0401,DP-0401,,,,
DPB1*644:01,DP-0401,F,FULL,DP-0401,DP-0401,,,,
DPB1*645:01,DP-03,F,FULL,DP-0301,DP-0301,,,,
DPB1*646:01,DP-0402,F,FULL,DP-0402,DP-0402,,,,
DPB1*647:01,DP-0402,F,FULL,DP-0402,DP-0402,WD,,,
DPB1*648:01,DP-03,F,FULL,DP-0301,DP-0301,,,,
DPB1*649:01,DP-01,F,FULL,DP-0101,DP-0101,,,,
DPB1*650:01,DP-10,F,FULL,DP-1001,DP-1001,,,,
DPB1*651:01,DP-03,F,FULL,DP-0301,DP-0301,WD,,,
DPB1*652:01,DP-10,F,FULL,DP-1001,DP-1001,,,,
DPB1*653:01,DP-10,F,FULL,DP-1001,DP-1001,,,,
DPB1*654:01,DP-01,F,FULL,DP-0101,DP-0101,,,,
DPB1*655:01,DP-0201,F,FULL,DP-0201,DP-0201,,,,
DPB1*656:01,DP-0201,F,FULL,DP-0201,DP-0201,,,,
DPB1*658:01,DP-0401,F,FULL,DP-0401,DP-0401,,,,
DPB1*659:01,DP-0201,I,SHORT-CROSSREACTIVE,DP-0201,DP-0201,,,,,DP-0201_69,DP-0402_69
DPB1*660:01,DP-0201,F,FULL,DP-0201,DP-0201,,,,
DPB1*662:01,DP-06,F,FULL,DP-0601,DP-0601,,,,
DPB1*663:01,DP-0201,F,FULL,DP-0201,DP-0201,,,,
DPB1*664:01,DP-03,F,FULL,DP-0301,DP-0301,,,,
DPB1*665:01,DP-0402,F,FULL,DP-0402,DP-0402,,,,
DPB1*666:01,DP-0401,F,FULL,DP-0401,DP-0401,,,,
DPB1*667:01,DP-01,F,FULL,DP-0101,DP-0101,,,,
DPB1*668:01,DP-01,F,FULL,DP-0101,DP-0101,,,,
DPB1*669:01,DP-03,F,FULL,DP-0301,DP-0301,,,,
DPB1*670:01,DP-0401,F,FULL,DP-0401,DP-0401,,,,
DPB1*671:01,DP-03,F,FULL,DP-0301,DP-0301,,,,
DPB1*672:01,DP-01,F,FULL,DP-0101,DP-0101,,,,
DPB1*673:01,DP-10,F,FULL,DP-1001,DP-1001,,,,
DPB1*674:01,DP-0402,F,FULL,DP-0402,DP-0402,,,,
DPB1*675:01,DP-03,F,FULL,DP-0301,DP-0301,,,,
DPB1*676:01,DP-03,F,FULL,DP-0301,DP-0301,,,,
DPB1*677:01,DP-0401,F,FULL,DP-0401,DP-0401,,,,
DPB1*678:01,DP-0201,F,FULL,DP-0201,DP-0201,,,,
DPB1*679:01,DP-0401,F,FULL,DP-0401,DP-0401,,,,
DPB1*680:01,DP-0201,F,FULL,DP-0201,DP-0201,,,,
DPB1*681:01,DP-0201,F,FULL,DP-0201,DP-0201,,,,
DPB1*682:01,DP-0401,F,FULL,DP-0401,DP-0401,,,,
DPB1*683:01,DP-0401,F,FULL,DP-0401,DP-0401,,,,
DPB1*684:01,DP-06,F,FULL,DP-0601,DP-0601,,,,
DPB1*685:01,DP-0201,F,FULL,DP-0201,DP-0201,,,,
DPB1*686:01,DP-0401,F,FULL,DP-0401,DP-0401,,,,
DPB1*687:01,DP-0401,F,FULL,DP-0401,DP-0401,,,,
DPB1*688:01,DP-03,F,FULL,DP-0301,DP-0301,,,,
DPB1*689:01,DP-03,F,FULL,DP-0301,DP-0301,,,,
DPB1*690:01,DP-0402,F,FULL,DP-0402,DP-0402,,,,
DPB1*692:01,DP-0201,F,FULL,DP-0201,DP-0201,,,,
DPB1*694:01,DP-0401,F,FULL,DP-0401,DP-0401,,,,
DPB1*695:01,DP-0401,F,FULL,DP-0401,DP-0401,,,,
DPB1*698:01,DP-06,F,FULL,DP-0601,DP-0601,,,,
DPB1*699:01,DP-0401,F,FULL,DP-0401,DP-0401,,,,
DPB1*701:01,DP-0402,F,FULL,DP-0402,DP-0402,,,,
DPB1*702:01,DP-0401,F,FULL,DP-0401,DP-0401,,,,
DPB1*703:01,DP-13,F,FULL,DP-1301,DP-1301,,,,
DPB1*704:01,DP-03,F,FULL,DP-0301,DP-0301,,,,
DPB1*705:01,DP-03,F,FULL,DP-0301,DP-0301,,,,
DPB1*706:01,DP-03,F,FULL,DP-0301,DP-0301,,,,
DPB1*707:01,DP-01,F,FULL,DP-0101,DP-0101,,,,
DPB1*708:01,DP-01,F,FULL,DP-0101,DP-0101,,,,
DPB1*709:01,DP-01,F,FULL,DP-0101,DP-0101,,,,
DPB1*710:01,DP-01,I,SHORT-CROSSREACTIVE,DP-0101,DP-0101,,,,,DP-0101_56,DP-4501_56
DPB1*711:01,DP-10,F,FULL,DP-1001,DP-1001,,,,
DPB1*713:01,DP-01,F,FULL,DP-0101,DP-0101,,,,
DPB1*714:01,DP-06,F,FULL,DP-0601,DP-0601,,,,
DPB1*715:01,DP-01,F,FULL,DP-0101,DP-0101,,,,
DPB1*716:01,DP-13,F,FULL,DP-1301,DP-1301,,,,
DPB1*717:01,DP-13,F,FULL,DP-1301,DP-1301,,,,
DPB1*718:01,DP-01,F,FULL,DP-0101,DP-0101,,,,
DPB1*719:01,DP-06,F,FULL,DP-0601,DP-0601,,,,
DPB1*720:01,DP-13,F,FULL,DP-1301,DP-1301,,,,
DPB1*721:01,DP-0202,F,FULL,DP-0202,DP-0202,,,,
DPB1*722:01,DP-0401,F,FULL,DP-0401,DP-0401,,,,
DPB1*723:01,DP-0201,F,FULL,DP-0201,DP-0201,,,,
DPB1*725:01,DP-0402,F,FULL,DP-0402,DP-0402,,,,
DPB1*726:01,DP-0402,F,FULL,DP-0402,DP-0402,,,,
DPB1*727:01,DP-03,F,FULL,DP-0301,DP-0301,,,,
DPB1*728:01,DP-03,F,FULL,DP-0301,DP-0301,,,,
DPB1*729:01,DP-01,F,FULL,DP-0101,DP-0101,,,,
DPB1*730:01,DP-0402,F,FULL,DP-0402,DP-0402,,,,
DPB1*731:01,DP-0402,F,FULL,DP-0402,DP-0402,,,,
DPB1*733:01,DP-01,F,FULL,DP-0101,DP-0101,,,,
DPB1*734:01,DP-0402,F,FULL,DP-0402,DP-0402,,,,
DPB1*735:01,DP-0402,F,FULL,DP-0402,DP-0402,,,,
DPB1*736:01,DP-0402,F,FULL,DP-0402,DP-0402,,,,
DPB1*737:01,DP-06,F,FULL,DP-0601,DP-0601,,,,
DPB1*739:01,DP-0401,F,FULL,DP-0401,DP-0401,,,,
DPB1*740:01,DP-10,I,SHORT,DP-1001,DP-1001,,,,,DP-1001_84
DPB1*741:01,DP-0402,F,FULL,DP-0402,DP-0402,,,,
DPB1*742:01,DP-0401,F,FULL,DP-0401,DP-0401,,,,
DPB1*744:01,DP-01,F,FULL,DP-0101,DP-0101,,,,
DPB1*745:01,DP-0401,F,FULL,DP-0401,DP-0401,,,,
DPB1*746:01,DP-13,F,FULL,DP-1301,DP-1301,,,,
DPB1*747:01,DP-0401,F,FULL,DP-0401,DP-0401,,,,
DPB1*749:01,DP-01,F,FULL,DP-0101,DP-0101,,,,
DPB1*750:01,DP-0401,F,FULL,DP-0401,DP-0401,,,,
DPB1*751:01,DP-0201,F,FULL,DP-0201,DP-0201,,,,
DPB1*752:01,DP-0402,F,FULL,DP-0402,DP-0402,,,,
DPB1*753:01,DP-0401,F,FULL,DP-0401,DP-0401,,,,
DPB1*755:01,DP-0401,F,FULL,DP-0401,DP-0401,,,,
DPB1*757:01,DP-0401,F,FULL,DP-0401,DP-0401,,,,
DPB1*758:01,DP-0401,F,FULL,DP-0401,DP-0401,,,,
DPB1*759:01,DP-0402,F,FULL,DP-0402,DP-0402,,,,
DPB1*760:01,DP-03,F,FULL,DP-0301,DP-0301,,,,
DPB1*761:01,DP-0401,F,FULL,DP-0401,DP-0401,,,,
DPB1*762:01,DP-80,F,FULL,DP-8001,DP-8001,,,,
DPB1*763:01,DP-0402,F,FULL,DP-0402,DP-0402,,,,
DPB1*764:01,DP-01,F,FULL,DP-0101,DP-0101,,,,
DPB1*765:01,DP-0401,F,FULL,DP-0401,DP-0401,,,,
DPB1*766:01,DP-0202,F,FULL,DP-0202,DP-0202,,,,
DPB1*767:01,DP-0401,F,FULL,DP-0401,DP-0401,,,,
DPB1*768:01,DP-0401,F,FULL,DP-0401,DP-0401,,,,
DPB1*769:01,DP-0401,F,FULL,DP-0401,DP-0401,,,,
DPB1*770:01,DP-0201,F,FULL,DP-0201,DP-0201,,,,
DPB1*771:01,DP-0201,F,FULL,DP-0201,DP-0201,,,,
DPB1*772:01,DP-0401,F,FULL,DP-0401,DP-0401,,,,
DPB1*773:01,DP-0401,F,FULL,DP-0401,DP-0401,,,,
DPB1*774:01,DP-0201,I,SHORT-CROSSREACTIVE,DP-0201,DP-0201,,,,,DP-0201_69,DP-0402_69
DPB1*775:01,DP-0402,F,FULL,DP-0402,DP-0402,,,,
DPB1*776:01,DP-0402,F,FULL,DP-0402,DP-0402,,,,
DPB1*778:01,DP-01,F,FULL,DP-0101,DP-0101,,,,
DPB1*779:01,DP-0202,F,FULL,DP-0202,DP-0202,,,,
DPB1*780:01,DP-0201,F,FULL,DP-0201,DP-0201,,,,
DPB1*781:01,DP-0201,F,FULL,DP-0201,DP-0201,,,,
DPB1*782:01,DP-0402,F,FULL,DP-0402,DP-0402,,,,
DPB1*783:01,DP-0201,F,FULL,DP-0201,DP-0201,,,,
DPB1*784:01,DP-0401,F,FULL,DP-0401,DP-0401,,,,
DPB1*785:01,DP-13,F,FULL,DP-1301,DP-1301,,,,
DPB1*787:01,DP-0401,F,FULL,DP-0401,DP-0401,,,,
DPB1*788:01,DP-0401,F,FULL,DP-0401,DP-0401,,,,
DPB1*789:01,DP-13,F,FULL,DP-1301,DP-1301,,,,
DPB1*790:01,DP-01,F,FULL,DP-0101,DP-0101,,,,
DPB1*791:01,DP-10,F,FULL,DP-1001,DP-1001,,,,
DPB1*795:01,DP-0401,F,FULL,DP-0401,DP-0401,,,,
DPB1*796:01,DP-0201,F,FULL,DP-0201,DP-0201,,,,
DPB1*797:01,DP-06,F,FULL,DP-0601,DP-0601,,,,
DPB1*798:01,DP-01,F,FULL,DP-0101,DP-0101,,,,
DPB1*799:01,DP-0201,F,FULL,DP-0201,DP-0201,,,,
DPB1*801:01,DP-03,F,FULL,DP-0301,DP-0301,,,,
DPB1*802:01,DP-01,F,FULL,DP-0101,DP-0101,,,,
DPB1*803:01,DP-0401,F,FULL,DP-0401,DP-0401,,,,
DPB1*804:01,DP-0401,F,FULL,DP-0401,DP-0401,,,,
DPB1*805:01,DP-0402,F,FULL,DP-0402,DP-0402,,,,
DPB1*806:01,DP-0401,F,FULL,DP-0401,DP-0401,,,,
DPB1*807:01,DP-01,F,FULL,DP-0101,DP-0101,,,,
DPB1*808:01,DP-0401,F,FULL,DP-0401,DP-0401,,,,
DPB1*809:01,DP-0402,F,FULL,DP-0402,DP-0402,,,,
DPB1*810:01,DP-01,F,FULL,DP-0101,DP-0101,,,,
DPB1*811:01,DP-0401,F,FULL,DP-0401,DP-0401,,,,
DPB1*812:01,DP-0401,F,FULL,DP-0401,DP-0401,,,,
DPB1*813:01,DP-0401,F,FULL,DP-0401,DP-0401,,,,
DPB1*814:01,DP-0401,F,FULL,DP-0401,DP-0401,,,,
DPB1*815:01,DP-06,F,FULL,DP-0601,DP-0601,,,,
DPB1*816:01,DP-0201,F,FULL,DP-0201,DP-0201,,,,
DPB1*817:01,DP-0402,F,FULL,DP-0402,DP-0402,,,,
DPB1*818:01,DP-0402,F,FULL,DP-0402,DP-0402,,,,
DPB1*819:01,DP-0201,F,FULL,DP-0201,DP-0201,,,,
DPB1*820:01,DP-0401,F,FULL,DP-0401,DP-0401,,,,
DPB1*822:01,DP-13,F,FULL,DP-1301,DP-1301,,,,
DPB1*823:01,DP-0402,F,FULL,DP-0402,DP-0402,,,,
DPB1*824:01,DP-0401,F,FULL,DP-0401,DP-0401,,,,
DPB1*825:01,DP-01,F,FULL,DP-0101,DP-0101,,,,
DPB1*826:01,DP-0401,F,FULL,DP-0401,DP-0401,,,,
DPB1*827:01,DP-0201,F,FULL,DP-0201,DP-0201,,,,
DPB1*828:01,DP-0401,F,FULL,DP-0401,DP-0401,,,,
DPB1*829:01,DP-03,F,FULL,DP-0301,DP-0301,,,,
DPB1*830:01,DP-0202,F,FULL,DP-0202,DP-0202,,,,
DPB1*832:01,DP-45,F,FULL,DP-4501,DP-4501,,,,
DPB1*833:01,DP-06,F,FULL,DP-0601,DP-0601,,,,
DPB1*834:01,DP-03,F,FULL,DP-0301,DP-0301,,,,
DPB1*835:01,DP-0401,F,FULL,DP-0401,DP-0401,,,,
DPB1*836:01,DP-0201,F,FULL,DP-0201,DP-0201,,,,
DPB1*837:01,DP-0401,F,FULL,DP-0401,DP-0401,,,,
DPB1*839:01,DP-03,F,FULL,DP-0301,DP-0301,,,,
DPB1*840:01,DP-0401,F,FULL,DP-0401,DP-0401,,,,
DPB1*841:01,DP-0402,F,FULL,DP-0402,DP-0402,,,,
DPB1*842:01,DP-0401,F,FULL,DP-0401,DP-0401,,,,
DPB1*843:01,DP-0201,F,FULL,DP-0201,DP-0201,,,,
DPB1*845:01,DP-0201,F,FULL,DP-0201,DP-0201,,,,
DPB1*846:01,DP-06,F,FULL,DP-0601,DP-0601,,,,
DPB1*847:01,DP-01,F,FULL,DP-0101,DP-0101,,,,
DPB1*848:01,DP-01,F,FULL,DP-0101,DP-0101,,,,
DPB1*849:01,DP-0401,F,FULL,DP-0401,DP-0401,,,,
DPB1*850:01,DP-0401,F,FULL,DP-0401,DP-0401,,,,
DPB1*851:01,DP-01,F,FULL,DP-0101,DP-0101,,,,
DPB1*852:01,DP-0401,F,FULL,DP-0401,DP-0401,,,,
DPB1*853:01,DP-01,F,FULL,DP-0101,DP-0101,,,,
DPB1*854:01,DP-03,F,FULL,DP-0301,DP-0301,,,,
DPB1*855:01,DP-03,F,FULL,DP-0301,DP-0301,,,,
DPB1*856:01,DP-01,F,FULL,DP-0101,DP-0101,,,,
DPB1*857:01,DP-0201,F,FULL,DP-0201,DP-0201,,,,
DPB1*858:01,DP-0402,F,FULL,DP-0402,DP-0402,,,,
DPB1*859:01,DP-0401,F,FULL,DP-0401,DP-0401,,,,
DPB1*860:01,DP-01,F,FULL,DP-0101,DP-0101,,,,
DPB1*861:01,DP-0201,F,FULL,DP-0201,DP-0201,,,,
DPB1*863:01,DP-0201,F,FULL,DP-0201,DP-0201,,,,
DPB1*864:01,DP-10,F,FULL,DP-1001,DP-1001,,,,
DPB1*879:01,DP-01,F,FULL,DP-0101,DP-0101,,,,
DPB1*880:01,DP-0401,F,FULL,DP-0401,DP-0401,,,,
DPB1*881:01,DP-0402,F,FULL,DP-0402,DP-0402,,,,
DPB1*882:01,DP-0401,F,FULL,DP-0401,DP-0401,,,,
DPB1*883:01,DP-03,F,FULL,DP-0301,DP-0301,,,,
DPB1*884:01,DP-0201,F,FULL,DP-0201,DP-0201,,,,
DPB1*885:01,DP-0402,F,FULL,DP-0402,DP-0402,,,,
DPB1*886:01,DP-10,F,FULL,DP-1001,DP-1001,,,,
DPB1*887:01,DP-0402,F,FULL,DP-0402,DP-0402,,,,
DPB1*888:01,DP-13,F,FULL,DP-1301,DP-1301,,,,
DPB1*889:01,DP-0201,F,FULL,DP-0201,DP-0201,,,,
DPB1*890:01,DP-0201,F,FULL,DP-0201,DP-0201,,,,
DPB1*891:01,DP-45,F,FULL,DP-4501,DP-4501,,,,
DPB1*892:01,DP-45,F,FULL,DP-4501,DP-4501,,,,
DPB1*893:01,DP-13,F,FULL,DP-1301,DP-1301,,,,
DPB1*895:01,DP-0401,F,FULL,DP-0401,DP-0401,,,,
DPB1*896:01,DP-0401,F,FULL,DP-0401,DP-0401,,,,
DPB1*897:01,DP-0402,F,FULL,DP-0402,DP-0402,,,,
DPB1*898:01,DP-45,F,FULL,DP-4501,DP-4501,,,,
DPB1*899:01,DP-06,F,FULL,DP-0601,DP-0601,,,,
DPB1*900:01,DP-0402,F,FULL,DP-0402,DP-0402,,,,
DPB1*901:01,DP-01,F,FULL,DP-0101,DP-0101,,,,
DPB1*902:01,DP-10,F,FULL,DP-1001,DP-1001,,,,
DPB1*903:01,DP-0401,I,SHORT-CROSSREACTIVE,DP-0401,DP-0401,,,,,DP-1501_56,DP-1801_69
DPB1*904:01,DP-13,F,FULL,DP-1301,DP-1301,,,,
DPB1*905:01,DP-03,F,FULL,DP-0301,DP-0301,,,,
DPB1*906:01,DP-06,F,FULL,DP-0601,DP-0601,,,,
DPB1*907:01,DP-01,F,FULL,DP-0101,DP-0101,,,,
DPB1*908:01,DP-13,F,FULL,DP-1301,DP-1301,,,,
DPB1*909:01,DP-06,F,FULL,DP-0601,DP-0601,,,,
DPB1*910:01,DP-0401,F,FULL,DP-0401,DP-0401,,,,
DPB1*912:01,DP-01,F,FULL,DP-0101,DP-0101,,,,
DPB1*913:01,DP-0401,F,FULL,DP-0401,DP-0401,,,,
DPB1*914:01,DP-06,F,FULL,DP-0601,DP-0601,,,,
DPB1*915:01,DP-0401,F,FULL,DP-0401,DP-0401,,,,
DPB1*916:01,DP-0401,F,FULL,DP-0401,DP-0401,,,,
DPB1*918:01,DP-0402,F,FULL,DP-0402,DP-0402,,,,
DPB1*920:01,DP-06,F,FULL,DP-0601,DP-0601,,,,
DPB1*921:01,DP-0401,F,FULL,DP-0401,DP-0401,,,,
DPB1*922:01,DP-01,F,FULL,DP-0101,DP-0101,,,,
DPB1*923:01,DP-01,F,FULL,DP-0101,DP-0101,,,,
DPB1*924:01,DP-13,F,FULL,DP-1301,DP-1301,,,,
DPB1*926:01,DP-0401,F,FULL,DP-0401,DP-0401,,,,
DPB1*927:01,DP-0402,F,FULL,DP-0402,DP-0402,,,,
DPB1*928:01,DP-0202,F,FULL,DP-0202,DP-0202,,,,
DPB1*929:01,DP-01,F,FULL,DP-0101,DP-0101,,,,
DPB1*930:01,DP-01,F,FULL,DP-0101,DP-0101,,,,
DPB1*931:01,DP-01,F,FULL,DP-0101,DP-0101,,,,
DPB1*932:01,DP-0401,F,FULL,DP-0401,DP-0401,,,,
DPB1*933:01,DP-0402,F,FULL,DP-0402,DP-0402,,,,
DPB1*937:01,DP-01,F,FULL,DP-0101,DP-0101,,,,
DPB1*938:01,DP-03,F,FULL,DP-0301,DP-0301,,,,
DPB1*939:01,DP-0401,F,FULL,DP-0401,DP-0401,,,,
DPB1*940:01,DP-10,F,FULL,DP-1001,DP-1001,,,,
DPB1*942:01,DP-0402,F,FULL,DP-0402,DP-0402,,,,
DPB1*943:01,DP-0402,F,FULL,DP-0402,DP-0402,,,,
DPB1*944:01,DP-06,F,FULL,DP-0601,DP-0601,,,,
DPB1*945:01,DP-01,F,FULL,DP-0101,DP-0101,,,,
DPB1*946:01,DP-03,F,FULL,DP-0301,DP-0301,,,,
DPB1*947:01,DP-13,F,FULL,DP-1301,DP-1301,,,,
DPB1*948:01,DP-03,F,FULL,DP-0301,DP-0301,,,,
DPB1*949:01,DP-03,F,FULL,DP-0301,DP-0301,,,,
DPB1*951:01,DP-01,F,FULL,DP-0101,DP-0101,,,,
DPB1*952:01,DP-03,F,FULL,DP-0301,DP-0301,,,,
DPB1*953:01,DP-01,F,FULL,DP-0101,DP-0101,,,,
DPB1*954:01,DP-0402,F,FULL,DP-0402,DP-0402,,,,
DPB1*955:01,DP-0201,F,FULL,DP-0201,DP-0201,,,,
DPB1*956:01,DP-06,F,FULL,DP-0601,DP-0601,,,,
DPB1*957:01,DP-0401,F,FULL,DP-0401,DP-0401,,,,
DPB1*958:01,DP-0402,F,FULL,DP-0402,DP-0402,,,,
DPB1*961:01,DP-0401,F,FULL,DP-0401,DP-0401,,,,
DPB1*962:01,DP-0401,F,FULL,DP-0401,DP-0401,,,,
DPB1*963:01,DP-0201,F,FULL,DP-0201,DP-0201,,,,
DPB1*964:01,DP-0201,F,FULL,DP-0201,DP-0201,,,,
DPB1*965:01,DP-13,F,FULL,DP-1301,DP-1301,,,,
DPB1*966:01,DP-0401,F,FULL,DP-0401,DP-0401,,,,
DPB1*967:01,DP-0201,F,FULL,DP-0201,DP-0201,,,,
DPB1*968:01,DP-10,F,FULL,DP-1001,DP-1001,,,,
DPB1*969:01,DP-01,F,FULL,DP-0101,DP-0101,,,,
DPB1*970:01,DP-03,F,FULL,DP-0301,DP-0301,,,,
DPB1*971:01,DP-01,F,FULL,DP-0101,DP-0101,,,,
DPB1*972:01,DP-0401,F,FULL,DP-0401,DP-0401,,,,
DPB1*973:01,DP-0201,F,FULL,DP-0201,DP-0201,,,,
DPB1*975:01,DP-0201,F,FULL,DP-0201,DP-0201,,,,
DPB1*976:01,DP-01,F,FULL,DP-0101,DP-0101,,,,
DPB1*977:01,DP-06,F,FULL,DP-0601,DP-0601,,,,
DPB1*978:01,DP-0401,F,FULL,DP-0401,DP-0401,,,,
DPB1*979:01,DP-01,F,FULL,DP-0101,DP-0101,,,,
DPB1*980:01,DP-01,F,FULL,DP-0101,DP-0101,,,,
DPB1*981:01,DP-0402,F,FULL,DP-0402,DP-0402,,,,
DPB1*982:01,DP-13,F,FULL,DP-1301,DP-1301,,,,
DPB1*983:01,DP-03,F,FULL,DP-0301,DP-0301,,,,
DPB1*987:01,DP-80,F,FULL,DP-8001,DP-8001,,,,
DPB1*988:01,DP-0401,F,FULL,DP-0401,DP-0401,,,,
DPB1*989:01,DP-0401,F,FULL,DP-0401,DP-0401,,,,
DPB1*990:01,DP-03,F,FULL,DP-0301,DP-0301,,,,
DPB1*991:01,DP-13,F,FULL,DP-1301,DP-1301,,,,
DPB1*992:01,DP-0401,F,FULL,DP-0401,DP-0401,,,,
DPB1*993:01,DP-0401,F,FULL,DP-0401,DP-0401,,,,
DPB1*994:01,DP-03,F,FULL,DP-0301,DP-0301,,,,
DPB1*996:01,DP-13,F,FULL,DP-1301,DP-1301,,,,
DPB1*997:01,DP-0401,F,FULL,DP-0401,DP-0401,,,,
DPB1*998:01,DP-01,F,FULL,DP-0101,DP-0101,,,,
DPB1*999:01,DP-01,F,FULL,DP-0101,DP-0101,,,,
DPB1*1000:01,DP-03,F,FULL,DP-0301,DP-0301,,,,
DPB1*1001:01,DP-0401,F,FULL,DP-0401,DP-0401,,,,
DPB1*1002:01,DP-0401,F,FULL,DP-0401,DP-0401,,,,
DPB1*1003:01,DP-0401,F,FULL,DP-0401,DP-0401,,,,
DPB1*1004:01,DP-0401,F,FULL,DP-0401,DP-0401,,,,
DPB1*1005:01,DP-0402,F,FULL,DP-0402,DP-0402,,,,
DPB1*1006:01,DP-10,F,FULL,DP-1001,DP-1001,,,,
DPB1*1007:01,DP-10,F,FULL,DP-1001,DP-1001,,,,
DPB1*1008:01,DP-13,F,FULL,DP-1301,DP-1301,,,,
DPB1*1009:01,DP-06,F,FULL,DP-0601,DP-0601,,,,
DPB1*1010:01,DP-0401,F,FULL,DP-0401,DP-0401,,,,
DPB1*1011:01,DP-0401,F,FULL,DP-0401,DP-0401,,,,
DPB1*1012:01,DP-01,F,FULL,DP-0101,DP-0101,,,,
DPB1*1013:01,DP-0402,F,FULL,DP-0402,DP-0402,,,,
DPB1*1014:01,DP-03,F,FULL,DP-0301,DP-0301,,,,
DPB1*1015:01,DP-01,F,FULL,DP-0101,DP-0101,,,,
DPB1*1016:01,DP-0401,F,FULL,DP-0401,DP-0401,,,,
DPB1*1017:01,DP-06,F,FULL,DP-0601,DP-0601,,,,
DPB1*1018:01,DP-01,F,FULL,DP-0101,DP-0101,,,,
DPB1*1019:01,DP-13,F,FULL,DP-1301,DP-1301,,,,
DPB1*1020:01,DP-0402,F,FULL,DP-0402,DP-0402,,,,
DPB1*1021:01,DP-03,F,FULL,DP-0301,DP-0301,,,,
DPB1*1022:01,DP-06,F,FULL,DP-0601,DP-0601,,,,
DPB1*1023:01,DP-0401,F,FULL,DP-0401,DP-0401,,,,
DPB1*1024:01,DP-01,F,FULL,DP-0101,DP-0101,,,,
DPB1*1025:01,DP-0402,F,FULL,DP-0402,DP-0402,,,,
DPB1*1026:01,DP-13,F,FULL,DP-1301,DP-1301,,,,
DPB1*1027:01,DP-03,F,FULL,DP-0301,DP-0301,,,,
DPB1*1028:01,DP-0201,F,FULL,DP-0201,DP-0201,,,,
DPB1*1030:01,DP-03,F,FULL,DP-0301,DP-0301,,,,
DPB1*1031:01,DP-0402,F,FULL,DP-0402,DP-0402,,,,
DPB1*1032:01,DP-06,F,FULL,DP-0601,DP-0601,,,,
DPB1*1033:01,DP-0401,F,FULL,DP-0401,DP-0401,,,,
DPB1*1034:01,DP-01,F,FULL,DP-0101,DP-0101,,,,
DPB1*1035:01,DP-0402,F,FULL,DP-0402,DP-0402,,,,
DPB1*1036:01,DP-0201,F,FULL,DP-0201,DP-0201,,,,
DPB1*1037:01,DP-0402,F,FULL,DP-0402,DP-0402,,,,
DPB1*1039:01,DP-0402,F,FULL,DP-0402,DP-0402,,,,
DPB1*1040:01,DP-0401,F,FULL,DP-0401,DP-0401,,,,
DPB1*1042:01,DP-0401,F,FULL,DP-0401,DP-0401,,,,
DPB1*1043:01,DP-06,F,FULL,DP-0601,DP-0601,,,,
DPB1*1046:01,DP-0401,F,FULL,DP-0401,DP-0401,,,,
DPB1*1047:01,DP-06,F,FULL,DP-0601,DP-0601,,,,
DPB1*1048:01,DP-0401,F,FULL,DP-0401,DP-0401,,,,
DPB1*1049:01,DP-03,F,FULL,DP-0301,DP-0301,,,,
DPB1*1050:01,DP-01,F,FULL,DP-0101,DP-0101,,,,
DPB1*1051:01,DP-0201,F,FULL,DP-0201,DP-0201,,,,
DPB1*1052:01,DP-06,F,FULL,DP-0601,DP-0601,,,,
DPB1*1053:01,DP-0201,F,FULL,DP-0201,DP-0201,,,,
DPB1*1054:01,DP-0401,F,FULL,DP-0401,DP-0401,,,,
DPB1*1055:01,DP-0201,F,FULL,DP-0201,DP-0201,,,,
DPB1*1056:01,DP-0201,F,FULL,DP-0201,DP-0201,,,,
DPB1*1057:01,DP-13,F,FULL,DP-1301,DP-1301,,,,
DPB1*1058:01,DP-01,I,SHORT,DP-0101,DP-0101,,,,,DP-0101_57
DPB1*1059:01,DP-0201,F,FULL,DP-0201,DP-0201,,,,
DPB1*1060:01,DP-0401,F,FULL,DP-0401,DP-0401,,,,
DPB1*1061:01,DP-01,F,FULL,DP-0101,DP-0101,,,,
DPB1*1062:01,DP-0401,F,FULL,DP-0401,DP-0401,,,,
DPB1*1063:01,DP-01,F,FULL,DP-0101,DP-0101,,,,
DPB1*1064:01,DP-0401,F,FULL,DP-0401,DP-0401,,,,
DPB1*1065:01,DP-13,F,FULL,DP-1301,DP-1301,,,,
DPB1*1066:01,DP-0401,F,FULL,DP-0401,DP-0401,,,,
DPB1*1067:01,DP-06,F,FULL,DP-0601,DP-0601,,,,
DPB1*1068:01,DP-01,F,FULL,DP-0101,DP-0101,,,,
DPB1*1069:01,DP-13,F,FULL,DP-1301,DP-1301,,,,
DPB1*1071:01,DP-03,F,FULL,DP-0301,DP-0301,,,,
DPB1*1072:01,DP-0402,F,FULL,DP-0402,DP-0402,,,,
DPB1*1073:01,DP-01,F,FULL,DP-0101,DP-0101,,,,
DPB1*1074:01,DP-0401,F,FULL,DP-0401,DP-0401,,,,
DPB1*1075:01,DP-0402,F,FULL,DP-0402,DP-0402,,,,
DPB1*1076:01,DP-01,F,FULL,DP-0101,DP-0101,,,,
DPB1*1077:01,DP-0201,F,FULL,DP-0201,DP-0201,,,,
DPB1*1078:01,DP-0401,I,SHORT,DP-0401,DP-0401,,,,,DP-0401_86
DPB1*1080:01,DP-0401,F,FULL,DP-0401,DP-0401,,,,
DPB1*1081:01,DP-0401,F,FULL,DP-0401,DP-0401,,,,
DPB1*1082:01,DP-0201,F,FULL,DP-0201,DP-0201,,,,
DPB1*1083:01,DP-0402,F,FULL,DP-0402,DP-0402,,,,
DPB1*1085:01,DP-0402,F,FULL,DP-0402,DP-0402,,,,
DPB1*1086:01,DP-0401,F,FULL,DP-0401,DP-0401,,,,
DPB1*1087:01,DP-06,F,FULL,DP-0601,DP-0601,,,,
DPB1*1088:01,DP-01,F,FULL,DP-0101,DP-0101,,,,
DPB1*1089:01,DP-0201,F,FULL,DP-0201,DP-0201,,,,
DPB1*1090:01,DP-03,F,FULL,DP-0301,DP-0301,,,,
DPB1*1091:01,DP-0401,F,FULL,DP-0401,DP-0401,,,,
DPB1*1093:01,DP-03,F,FULL,DP-0301,DP-0301,,,,
DPB1*1094:01,DP-0201,F,FULL,DP-0201,DP-0201,,,,
DPB1*1095:01,DP-01,F,FULL,DP-0101,DP-0101,,,,
DPB1*1096:01,DP-01,I,SHORT-CROSSREACTIVE,DP-0101,DP-0101,,,,,DP-0101_57,DP-0301_56
DPB1*1097:01,DP-0401,F,FULL,DP-0401,DP-0401,,,,
DPB1*1099:01,DP-01,F,FULL,DP-0101,DP-0101,,,,
DPB1*1100:01,DP-0401,F,FULL,DP-0401,DP-0401,,,,
DPB1*1101:01,DP-13,F,FULL,DP-1301,DP-1301,,,,
DPB1*1102:01,DP-0201,F,FULL,DP-0201,DP-0201,,,,
DPB1*1103:01,DP-03,F,FULL,DP-0301,DP-0301,,,,
DPB1*1104:01,DP-80,F,FULL,DP-8001,DP-8001,,,,
DPB1*1105:01,DP-13,F,FULL,DP-1301,DP-1301,,,,
DPB1*1106:01,DP-0402,F,FULL,DP-0402,DP-0402,,,,
DPB1*1107:01,DP-0201,F,FULL,DP-0201,DP-0201,,,,
DPB1*1108:01,DP-0401,F,FULL,DP-0401,DP-0401,,,,
DPB1*1109:01,DP-0401,F,FULL,DP-0401,DP-0401,,,,
DPB1*1110:01,DP-0402,F,FULL,DP-0402,DP-0402,,,,
DPB1*1111:01,DP-06,F,FULL,DP-0601,DP-0601,,,,
DPB1*1113:01,DP-0401,F,FULL,DP-0401,DP-0401,,,,
DPB1*1114:01,DP-03,F,FULL,DP-0301,DP-0301,,,,
DPB1*1115:01,DP-0201,F,FULL,DP-0201,DP-0201,,,,
DPB1*1116:01,DP-03,F,FULL,DP-0301,DP-0301,,,,
DPB1*1117:01,DP-01,F,FULL,DP-0101,DP-0101,,,,
DPB1*1118:01,DP-01,F,FULL,DP-0101,DP-0101,,,,
DPB1*1119:01,DP-01,F,FULL,DP-0101,DP-0101,,,,
DPB1*1120:01,DP-01,F,FULL,DP-0101,DP-0101,,,,
DPB1*1122:01,DP-0401,F,FULL,DP-0401,DP-0401,,,,
DPB1*1123:01,DP-13,F,FULL,DP-1301,DP-1301,,,,
DPB1*1124:01,DP-0402,F,FULL,DP-0402,DP-0402,,,,
DPB1*1125:01,DP-03,F,FULL,DP-0301,DP-0301,,,,
DPB1*1126:01,DP-10,F,FULL,DP-1001,DP-1001,,,,
DPB1*1127:01,DP-06,F,FULL,DP-0601,DP-0601,,,,
DPB1*1128:01,DP-06,F,FULL,DP-0601,DP-0601,,,,
DPB1*1129:01,DP-0401,F,FULL,DP-0401,DP-0401,,,,
DPB1*1130:01,DP-03,F,FULL,DP-0301,DP-0301,,,,
DPB1*1131:01,DP-13,F,FULL,DP-1301,DP-1301,,,,
DPB1*1132:01,DP-0401,F,FULL,DP-0401,DP-0401,,,,
DPB1*1133:01,DP-01,I,SHORT-CROSSREACTIVE,DP-0101,DP-0101,,,,,DP-0101_57,DP-0301_56
DPB1*1134:01,DP-03,F,FULL,DP-0301,DP-0301,,,,
DPB1*1136:01,DP-0201,I,SHORT-CROSSREACTIVE,DP-0201,DP-0201,,,,,DP-0201_84,DP-1801_69
DPB1*1137:01,DP-01,F,FULL,DP-0101,DP-0101,,,,
DPB1*1138:01,DP-0401,F,FULL,DP-0401,DP-0401,,,,
DPB1*1139:01,DP-0401,F,FULL,DP-0401,DP-0401,,,,
DPB1*1140:01,DP-10,F,FULL,DP-1001,DP-1001,,,,
DPB1*1141:01,DP-01,F,FULL,DP-0101,DP-0101,,,,
DPB1*1142:01,DP-0402,F,FULL,DP-0402,DP-0402,,,,
DPB1*1143:01,DP-01,F,FULL,DP-0101,DP-0101,,,,
DPB1*1144:01,DP-0401,F,FULL,DP-0401,DP-0401,,,,
DPB1*1145:01,DP-13,F,FULL,DP-1301,DP-1301,,,,
DPB1*1146:01,DP-0401,F,FULL,DP-0401,DP-0401,,,,
DPB1*1147:01,DP-01,F,FULL,DP-0101,DP-0101,,,,
DPB1*1149:01,DP-06,F,FULL,DP-0601,DP-0601,,,,
DPB1*1150:01,DP-45,F,FULL,DP-4501,DP-4501,,,,
DPB1*1151:01,DP-01,F,FULL,DP-0101,DP-0101,,,,
DPB1*1152:01,DP-0401,F,FULL,DP-0401,DP-0401,,,,
DPB1*1153:01,DP-0402,F,FULL,DP-0402,DP-0402,,,,
DPB1*1155:01,DP-0401,F,FULL,DP-0401,DP-0401,,,,
DPB1*1156:01,DP-01,F,FULL,DP-0101,DP-0101,,,,
DPB1*1157:01,DP-03,F,FULL,DP-0301,DP-0301,,,,
DPB1*1158:01,DP-06,F,FULL,DP-0601,DP-0601,,,,
DPB1*1159:01,DP-0201,F,FULL,DP-0201,DP-0201,,,,
DPB1*1160:01,DP-0201,F,FULL,DP-0201,DP-0201,,,,
DPB1*1161:01,DP-0401,F,FULL,DP-0401,DP-0401,,,,
DPB1*1162:01,DP-01,F,FULL,DP-0101,DP-0101,,,,
DPB1*1163:01,DP-0201,F,FULL,DP-0201,DP-0201,,,,
DPB1*1164:01,DP-0401,F,FULL,DP-0401,DP-0401,,,,
DPB1*1165:01,DP-0402,F,FULL,DP-0402,DP-0402,,,,
DPB1*1166:01,DP-01,F,FULL,DP-0101,DP-0101,,,,
DPB1*1167:01,DP-0401,F,FULL,DP-0401,DP-0401,,,,
DPB1*1168:01,DP-10,F,FULL,DP-1001,DP-1001,,,,
DPB1*1170:01,DP-13,F,FULL,DP-1301,DP-1301,,,,
DPB1*1171:01,DP-0402,F,FULL,DP-0402,DP-0402,,,,
DPB1*1172:01,DP-01,F,FULL,DP-0101,DP-0101,,,,
DPB1*1173:01,DP-0401,F,FULL,DP-0401,DP-0401,,,,
DPB1*1174:01,DP-80,F,FULL,DP-8001,DP-8001,,,,
DPB1*1175:01,DP-0201,F,FULL,DP-0201,DP-0201,,,,
DPB1*1176:01,DP-0201,F,FULL,DP-0201,DP-0201,,,,
DPB1*1177:01,DP-0401,F,FULL,DP-0401,DP-0401,,,,
DPB1*1178:01,DP-06,F,FULL,DP-0601,DP-0601,,,,
DPB1*1179:01,DP-0201,F,FULL,DP-0201,DP-0201,,,,
DPB1*1180:01,DP-01,F,FULL,DP-0101,DP-0101,,,,
DPB1*1181:01,DP-0401,F,FULL,DP-0401,DP-0401,,,,
DPB1*1182:01,DP-06,F,FULL,DP-0601,DP-0601,,,,
DPB1*1183:01,DP-01,F,FULL,DP-0101,DP-0101,,,,
DPB1*1184:01,DP-0401,F,FULL,DP-0401,DP-0401,,,,
DPB1*1185:01,DP-13,F,FULL,DP-1301,DP-1301,,,,
DPB1*1186:01,DP-13,F,FULL,DP-1301,DP-1301,,,,
DPB1*1187:01,DP-03,F,FULL,DP-0301,DP-0301,,,,
DPB1*1188:01,DP-0202,F,FULL,DP-0202,DP-0202,,,,
DPB1*1189:01,DP-01,F,FULL,DP-0101,DP-0101,,,,
DPB1*1190:01,DP-13,F,FULL,DP-1301,DP-1301,,,,
DPB1*1192:01,DP-0401,F,FULL,DP-0401,DP-0401,,,,
DPB1*1194:01,DP-0402,F,FULL,DP-0402,DP-0402,,,,
DPB1*1195:01,DP-0401,F,FULL,DP-0401,DP-0401,,,,
DPB1*1196:01,DP-0401,F,FULL,DP-0401,DP-0401,,,,
DPB1*1197:01,DP-0402,F,FULL,DP-0402,DP-0402,,,,
DPB1*1198:01,DP-0201,F,FULL,DP-0201,DP-0201,,,,
DPB1*1199:01,DP-01,F,FULL,DP-0101,DP-0101,,,,
DPB1*1200:01,DP-0201,F,FULL,DP-0201,DP-0201,,,,
DPB1*1201:01,DP-0402,F,FULL,DP-0402,DP-0402,,,,
DPB1*1203:01,DP-06,F,FULL,DP-0601,DP-0601,,,,
DPB1*1204:01,DP-01,F,FULL,DP-0101,DP-0101,,,,
DPB1*1205:01,DP-01,F,FULL,DP-0101,DP-0101,,,,
DPB1*1206:01,DP-0401,F,FULL,DP-0401,DP-0401,,,,
DPB1*1207:01,DP-0401,F,FULL,DP-0401,DP-0401,,,,
DPB1*1208:01,DP-0401,F,FULL,DP-0401,DP-0401,,,,
DPB1*1209:01,DP-0202,F,FULL,DP-0202,DP-0202,,,,
DPB1*1210:01,DP-0402,F,FULL,DP-0402,DP-0402,,,,
DPB1*1211:01,DP-03,F,FULL,DP-0301,DP-0301,,,,
DPB1*1212:01,DP-0401,F,FULL,DP-0401,DP-0401,,,,
DPB1*1213:01,DP-01,F,FULL,DP-0101,DP-0101,,,,
DPB1*1214:01,DP-0401,F,FULL,DP-0401,DP-0401,,,,
DPB1*1215:01,DP-0401,F,FULL,DP-0401,DP-0401,,,,
DPB1*1216:01,DP-0401,F,FULL,DP-0401,DP-0401,,,,
DPB1*1217:01,DP-0401,F,FULL,DP-0401,DP-0401,,,,
DPB1*1218:01,DP-0401,F,FULL,DP-0401,DP-0401,,,,
DPB1*1219:01,DP-0201,I,SHORT-CROSSREACTIVE,DP-0201,DP-0201,,,,,DP-0201_84,DP-1801_69
DPB1*1220:01,DP-0202,I,SHORT-CROSSREACTIVE,DP-0202,DP-0202,,,,,DP-0202_69,DP-0401_69
DPB1*1221:01,DP-0401,F,FULL,DP-0401,DP-0401,,,,
DPB1*1222:01,DP-0401,F,FULL,DP-0401,DP-0401,,,,
DPB1*1223:01,DP-0401,I,SHORT,DP-0401,DP-0401,,,,,DP-0401_57
DPB1*1224:01,DP-45,F,FULL,DP-4501,DP-4501,,,,
DPB1*1225:01,DP-0401,F,FULL,DP-0401,DP-0401,,,,
DPB1*1226:01,DP-0401,F,FULL,DP-0401,DP-0401,,,,
DPB1*1227:01,DP-0201,F,FULL,DP-0201,DP-0201,,,,
DPB1*1229:01,DP-13,F,FULL,DP-1301,DP-1301,,,,
DPB1*1230:01,DP-0201,F,FULL,DP-0201,DP-0201,,,,
DPB1*1231:01,DP-0401,F,FULL,DP-0401,DP-0401,,,,
DPB1*1232:01,DP-13,F,FULL,DP-1301,DP-1301,,,,
DPB1*1233:01,DP-06,F,FULL,DP-0601,DP-0601,,,,
DPB1*1234:01,DP-01,F,FULL,DP-0101,DP-0101,,,,
DPB1*1235:01,DP-0402,F,FULL,DP-0402,DP-0402,,,,
DPB1*1236:01,DP-0402,I,SHORT,DP-0402,DP-0402,,,,,DP-0402_85
DPB1*1237:01,DP-0401,F,FULL,DP-0401,DP-0401,,,,
DPB1*1238:01,DP-0401,F,FULL,DP-0401,DP-0401,,,,
DPB1*1239:01,DP-0402,F,FULL,DP-0402,DP-0402,,,,
DPB1*1240:01,DP-01,F,FULL,DP-0101,DP-0101,,,,
DPB1*1241:01,DP-0401,F,FULL,DP-0401,DP-0401,,,,
DPB1*1242:01,DP-0401,F,FULL,DP-0401,DP-0401,,,,
DPB1*1243:01,DP-0201,F,FULL,DP-0201,DP-0201,,,,
DPB1*1244:01,DP-0401,F,FULL,DP-0401,DP-0401,,,,
DPB1*1245:01,DP-03,F,FULL,DP-0301,DP-0301,,,,
DPB1*1246:01,DP-03,F,FULL,DP-0301,DP-0301,,,,
DPB1*1247:01,DP-0201,F,FULL,DP-0201,DP-0201,,,,
DPB1*1248:01,DP-0201,F,FULL,DP-0201,DP-0201,,,,
DPB1*1249:01,DP-0401,F,FULL,DP-0401,DP-0401,,,,
DPB1*1250:01,DP-0401,F,FULL,DP-0401,DP-0401,,,,
DPB1*1251:01,DP-06,F,FULL,DP-0601,DP-0601,,,,
DPB1*1252:01,DP-0401,F,FULL,DP-0401,DP-0401,,,,
DPB1*1253:01,DP-0201,F,FULL,DP-0201,DP-0201,,,,
DPB1*1254:01,DP-03,F,FULL,DP-0301,DP-0301,,,,
DPB1*1255:01,DP-13,F,FULL,DP-1301,DP-1301,,,,
DPB1*1257:01,DP-01,F,FULL,DP-0101,DP-0101,,,,
DPB1*1258:01,DP-06,F,FULL,DP-0601,DP-0601,,,,
DPB1*1259:01,DP-06,F,FULL,DP-0601,DP-0601,,,,
DPB1*1261:01,DP-10,F,FULL,DP-1001,DP-1001,,,,
DPB1*1262:01,DP-0401,F,FULL,DP-0401,DP-0401,,,,
DPB1*1263:01,DP-03,F,FULL,DP-0301,DP-0301,,,,
DPB1*1264:01,DP-13,F,FULL,DP-1301,DP-1301,,,,
DPB1*1265:01,DP-06,F,FULL,DP-0601,DP-0601,,,,
DPB1*1266:01,DP-0201,F,FULL,DP-0201,DP-0201,,,,
DPB1*1267:01,DP-0402,F,FULL,DP-0402,DP-0402,,,,
DPB1*1268:01,DP-0401,F,FULL,DP-0401,DP-0401,,,,
DPB1*1270:01,DP-0402,F,FULL,DP-0402,DP-0402,,,,
DPB1*1271:01,DP-0401,F,FULL,DP-0401,DP-0401,,,,
DPB1*1272:01,DP-01,F,FULL,DP-0101,DP-0101,,,,
DPB1*1273:01,DP-01,F,FULL,DP-0101,DP-0101,,,,
DPB1*1274:01,DP-0401,F,FULL,DP-0401,DP-0401,,,,
DPB1*1276:01,DP-0201,F,FULL,DP-0201,DP-0201,,,,
DPB1*1277:01,DP-0401,F,FULL,DP-0401,DP-0401,,,,
DPB1*1278:01,DP-06,F,FULL,DP-0601,DP-0601,,,,
DPB1*1280:01,DP-0402,F,FULL,DP-0402,DP-0402,,,,
DPB1*1281:01,DP-45,F,FULL,DP-4501,DP-4501,,,,
DPB1*1282:01,DP-13,F,FULL,DP-1301,DP-1301,,,,
DPB1*1283:01,DP-0402,F,FULL,DP-0402,DP-0402,,,,
DPB1*1284:01,DP-0401,F,FULL,DP-0401,DP-0401,,,,
DPB1*1286:01,DP-0402,F,FULL,DP-0402,DP-0402,,,,
DPB1*1287:01,DP-01,F,FULL,DP-0101,DP-0101,,,,
DPB1*1289:01,DP-01,F,FULL,DP-0101,DP-0101,,,,
DPB1*1290:01,DP-0201,F,FULL,DP-0201,DP-0201,,,,
DPB1*1292:01,DP-0401,F,FULL,DP-0401,DP-0401,,,,
DPB1*1293:01,DP-01,F,FULL,DP-0101,DP-0101,,,,
DPB1*1294:01,DP-13,F,FULL,DP-1301,DP-1301,,,,
DPB1*1295:01,DP-03,F,FULL,DP-0301,DP-0301,,,,
DPB1*1296:01,DP-0201,I,SHORT,DP-0201,DP-0201,,,,,DP-0201_84
DPB1*1297:01,DP-0401,F,FULL,DP-0401,DP-0401,,,,
DPB1*1298:01,DP-0201,F,FULL,DP-0201,DP-0201,,,,
DPB1*1300:01,DP-0401,F,FULL,DP-0401,DP-0401,,,,
DPB1*1301:01,DP-0401,F,FULL,DP-0401,DP-0401,,,,
DPB1*1302:01,DP-01,F,FULL,DP-0101,DP-0101,,,,
DPB1*1303:01,DP-06,F,FULL,DP-0601,DP-0601,,,,
DPB1*1304:01,DP-0401,F,FULL,DP-0401,DP-0401,,,,
DPB1*1305:01,DP-01,I,SHORT-CROSSREACTIVE,DP-0101,DP-0101,,,,,DP-0101_57,DP-0301_56
DPB1*1306:01,DP-13,F,FULL,DP-1301,DP-1301,,,,
DPB1*1307:01,DP-0201,F,FULL,DP-0201,DP-0201,,,,
DPB1*1308:01,DP-0401,F,FULL,DP-0401,DP-0401,,,,
DPB1*1309:01,DP-0401,F,FULL,DP-0401,DP-0401,,,,
DPB1*1310:01,DP-01,F,FULL,DP-0101,DP-0101,,,,
DPB1*1311:01,DP-06,F,FULL,DP-0601,DP-0601,,,,
DPB1*1312:01,DP-0201,F,FULL,DP-0201,DP-0201,,,,
DPB1*1313:01,DP-06,F,FULL,DP-0601,DP-0601,,,,
DPB1*1314:01,DP-01,F,FULL,DP-0101,DP-0101,,,,
DPB1*1315:01,DP-0201,F,FULL,DP-0201,DP-0201,,,,
DPB1*1316:01,DP-0401,F,FULL,DP-0401,DP-0401,,,,
DPB1*1318:01,DP-01,F,FULL,DP-0101,DP-0101,,,,
DPB1*1319:01,DP-0402,I,SHORT,DP-0402,DP-0402,,,,,DP-0402_85
DPB1*1320:01,DP-0201,F,FULL,DP-0201,DP-0201,,,,
DPB1*1321:01,DP-0401,F,FULL,DP-0401,DP-0401,,,,
DPB1*1322:01,DP-0401,F,FULL,DP-0401,DP-0401,,,,
DPB1*1323:01,DP-0201,F,FULL,DP-0201,DP-0201,,,,
DPB1*1324:01,DP-0402,F,FULL,DP-0402,DP-0402,,,,
DPB1*1326:01,DP-0201,F,FULL,DP-0201,DP-0201,,,,
DPB1*1327:01,DP-0401,F,FULL,DP-0401,DP-0401,,,,
DPB1*1328:01,DP-0401,F,FULL,DP-0401,DP-0401,,,,
DPB1*1329:01,DP-01,F,FULL,DP-0101,DP-0101,,,,
DPB1*1330:01,DP-06,F,FULL,DP-0601,DP-0601,,,,
DPB1*1331:01,DP-0402,F,FULL,DP-0402,DP-0402,,,,
DPB1*1333:01,DP-13,F,FULL,DP-1301,DP-1301,,,,
DPB1*1335:01,DP-0201,F,FULL,DP-0201,DP-0201,,,,
DPB1*1336:01,DP-0401,F,FULL,DP-0401,DP-0401,,,,
DPB1*1337:01,DP-0401,F,FULL,DP-0401,DP-0401,,,,
DPB1*1339:01,DP-03,F,FULL,DP-0301,DP-0301,,,,
DPB1*1340:01,DP-03,F,FULL,DP-0301,DP-0301,,,,
DPB1*1341:01,DP-01,F,FULL,DP-0101,DP-0101,,,,
DPB1*1342:01,DP-13,F,FULL,DP-1301,DP-1301,,,,
DPB1*1343:01,DP-0401,F,FULL,DP-0401,DP-0401,,,,
DPB1*1344:01,DP-0201,F,FULL,DP-0201,DP-0201,,,,
DPB1*1345:01,DP-0401,F,FULL,DP-0401,DP-0401,,,,
DPB1*1346:01,DP-0402,F,FULL,DP-0402,DP-0402,,,,
DPB1*1347:01,DP-0201,F,FULL,DP-0201,DP-0201,,,,
DPB1*1348:01,DP-03,F,FULL,DP-0301,DP-0301,,,,
DPB1*1349:01,DP-13,F,FULL,DP-1301,DP-1301,,,,
DPB1*1352:01,DP-0201,F,FULL,DP-0201,DP-0201,,,,
DPB1*1353:01,DP-13,F,FULL,DP-1301,DP-1301,,,,
DPB1*1354:01,DP-03,F,FULL,DP-0301,DP-0301,,,,
DPB1*1355:01,DP-03,F,FULL,DP-0301,DP-0301,,,,
DPB1*1356:01,DP-0401,F,FULL,DP-0401,DP-0401,,,,
DPB1*1358:01,DP-0401,F,FULL,DP-0401,DP-0401,,,,
DPB1*1359:01,DP-03,F,FULL,DP-0301,DP-0301,,,,
DPB1*1360:01,DP-0201,F,FULL,DP-0201,DP-0201,,,,
DPB1*1361:01,DP-01,F,FULL,DP-0101,DP-0101,,,,
DPB1*1362:01,DP-0401,F,FULL,DP-0401,DP-0401,,,,
DPB1*1363:01,DP-0201,F,FULL,DP-0201,DP-0201,,,,
DPB1*1365:01,DP-03,F,FULL,DP-0301,DP-0301,,,,
DPB1*1366:01,DP-06,F,FULL,DP-0601,DP-0601,,,,
DPB1*1367:01,DP-06,F,FULL,DP-0601,DP-0601,,,,
DPB1*1368:01,DP-0201,F,FULL,DP-0201,DP-0201,,,,
DPB1*1369:01,DP-0201,F,FULL,DP-0201,DP-0201,,,,
DPB1*1370:01,DP-13,F,FULL,DP-1301,DP-1301,,,,
DPB1*1371:01,DP-0402,F,FULL,DP-0402,DP-0402,,,,
DPB1*1372:01,DP-0201,F,FULL,DP-0201,DP-0201,,,,
DPB1*1373:01,DP-03,F,FULL,DP-0301,DP-0301,,,,
DPB1*1374:01,DP-0401,F,FULL,DP-0401,DP-0401,,,,
DPB1*1376:01,DP-0202,F,FULL,DP-0202,DP-0202,,,,
DPB1*1377:01,DP-0401,F,FULL,DP-0401,DP-0401,,,,
DPB1*1378:01,DP-06,F,FULL,DP-0601,DP-0601,,,,
DPB1*1379:01,DP-0401,F,FULL,DP-0401,DP-0401,,,,
DPB1*1380:01,DP-0402,F,FULL,DP-0402,DP-0402,,,,
DPB1*1381:01,DP-0201,F,FULL,DP-0201,DP-0201,,,,
DPB1*1382:01,DP-03,F,FULL,DP-0301,DP-0301,,,,
DPB1*1383:01,DP-0201,F,FULL,DP-0201,DP-0201,,,,
DPB1*1384:01,DP-03,F,FULL,DP-0301,DP-0301,,,,
DPB1*1385:01,DP-0401,F,FULL,DP-0401,DP-0401,,,,
DPB1*1386:01,DP-10,F,FULL,DP-1001,DP-1001,,,,
DPB1*1387:01,DP-0401,F,FULL,DP-0401,DP-0401,,,,
DPB1*1388:01,DP-03,F,FULL,DP-0301,DP-0301,,,,
DPB1*1389:01,DP-03,F,FULL,DP-0301,DP-0301,,,,
DPB1*1390:01,DP-0401,F,FULL,DP-0401,DP-0401,,,,
DPB1*1391:01,DP-0401,F,FULL,DP-0401,DP-0401,,,,
DPB1*1392:01,DP-01,F,FULL,DP-0101,DP-0101,,,,
DPB1*1393:01,DP-0201,F,FULL,DP-0201,DP-0201,,,,
DPB1*1394:01,DP-06,F,FULL,DP-0601,DP-0601,,,,
DPB1*1395:01,DP-03,F,FULL,DP-0301,DP-0301,,,,
DPB1*1396:01,DP-03,F,FULL,DP-0301,DP-0301,,,,
DPB1*1397:01,DP-06,F,FULL,DP-0601,DP-0601,,,,
DPB1*1399:01,DP-0401,F,FULL,DP-0401,DP-0401,,,,
DPB1*1400:01,DP-01,F,FULL,DP-0101,DP-0101,,,,
DPB1*1401:01,DP-03,F,FULL,DP-0301,DP-0301,,,,
DPB1*1402:01,DP-0201,F,FULL,DP-0201,DP-0201,,,,
DPB1*1403:01,DP-0202,F,FULL,DP-0202,DP-0202,,,,
DPB1*1404:01,DP-0402,F,FULL,DP-0402,DP-0402,,,,
DPB1*1405:01,DP-0201,F,FULL,DP-0201,DP-0201,,,,
DPB1*1406:01,DP-01,F,FULL,DP-0101,DP-0101,,,,
DPB1*1407:01,DP-03,F,FULL,DP-0301,DP-0301,,,,
DPB1*1408:01,DP-0201,F,FULL,DP-0201,DP-0201,,,,
DPB1*1409:01,DP-0401,F,FULL,DP-0401,DP-0401,,,,
DPB1*1410:01,DP-0402,F,FULL,DP-0402,DP-0402,,,,
DPB1*1411:01,DP-06,F,FULL,DP-0601,DP-0601,,,,
DPB1*1412:01,DP-0401,F,FULL,DP-0401,DP-0401,,,,
DPB1*1413:01,DP-0401,F,FULL,DP-0401,DP-0401,,,,
DPB1*1414:01,DP-03,F,FULL,DP-0301,DP-0301,,,,
DPB1*1417:01,DP-0201,F,FULL,DP-0201,DP-0201,,,,
DPB1*1418:01,DP-03,F,FULL,DP-0301,DP-0301,,,,
DPB1*1419:01,DP-0201,F,FULL,DP-0201,DP-0201,,,,
DPB1*1420:01,DP-0401,F,FULL,DP-0401,DP-0401,,,,
DPB1*1421:01,DP-01,F,FULL,DP-0101,DP-0101,,,,
DPB1*1422:01,DP-0402,I,SHORT-CROSSREACTIVE,DP-0402,DP-0402,,,,,DP-1801_57,DP-8001_84
DPB1*1424:01,DP-0402,F,FULL,DP-0402,DP-0402,,,,
DPB1*1425:01,DP-0402,F,FULL,DP-0402,DP-0402,,,,
DPB1*1426:01,DP-03,F,FULL,DP-0301,DP-0301,,,,
DPB1*1427:01,DP-0401,F,FULL,DP-0401,DP-0401,,,,
DPB1*1428:01,DP-0401,F,FULL,DP-0401,DP-0401,,,,
DPB1*1429:01,DP-03,F,FULL,DP-0301,DP-0301,,,,
DPB1*1431:01,DP-06,F,FULL,DP-0601,DP-0601,,,,
DPB1*1432:01,DP-06,F,FULL,DP-0601,DP-0601,,,,
DPB1*1433:01,DP-0401,F,FULL,DP-0401,DP-0401,,,,
DPB1*1434:01,DP-0401,F,FULL,DP-0401,DP-0401,,,,
DPB1*1435:01,DP-06,F,FULL,DP-0601,DP-0601,,,,
DPB1*1436:01,DP-0401,F,FULL,DP-0401,DP-0401,,,,
DPB1*1437:01,DP-0202,F,FULL,DP-0202,DP-0202,,,,
DPB1*1438:01,DP-01,F,FULL,DP-0101,DP-0101,,,,
DPB1*1441:01,DP-01,F,FULL,DP-0101,DP-0101,,,,
DPB1*1443:01,DP-01,F,FULL,DP-0101,DP-0101,,,,
DPB1*1445:01,DP-0402,F,FULL,DP-0402,DP-0402,,,,
DPB1*1446:01,DP-0401,F,FULL,DP-0401,DP-0401,,,,
DPB1*1447:01,DP-0401,F,FULL,DP-0401,DP-0401,,,,
DPB1*1448:01,DP-06,F,FULL,DP-0601,DP-0601,,,,
DPB1*1450:01,DP-0401,F,FULL,DP-0401,DP-0401,,,,
DPB1*1451:01,DP-13,F,FULL,DP-1301,DP-1301,,,,
DPB1*1452:01,DP-06,F,FULL,DP-0601,DP-0601,,,,
DPB1*1453:01,DP-0401,F,FULL,DP-0401,DP-0401,,,,
DPB1*1454:01,DP-0401,F,FULL,DP-0401,DP-0401,,,,
DPB1*1456:01,DP-0201,F,FULL,DP-0201,DP-0201,,,,
DPB1*1457:01,DP-01,F,FULL,DP-0101,DP-0101,,,,
DPB1*1458:01,DP-06,F,FULL,DP-0601,DP-0601,,,,
DPB1*1459:01,DP-0401,F,FULL,DP-0401,DP-0401,,,,
DPB1*1460:01,DP-0402,F,FULL,DP-0402,DP-0402,,,,
DPB1*1461:01,DP-0201,F,FULL,DP-0201,DP-0201,,,,
DPB1*1462:01,DP-01,F,FULL,DP-0101,DP-0101,,,,
DPB1*1464:01,DP-01,F,FULL,DP-0101,DP-0101,,,,
DPB1*1465:01,DP-0401,F,FULL,DP-0401,DP-0401,,,,
DPB1*1466:01,DP-03,F,FULL,DP-0301,DP-0301,,,,
DPB1*1467:01,DP-06,F,FULL,DP-0601,DP-0601,,,,
DPB1*1468:01,DP-0201,F,FULL,DP-0201,DP-0201,,,,
DPB1*1469:01,DP-45,F,FULL,DP-4501,DP-4501,,,,
DPB1*1470:01,DP-10,F,FULL,DP-1001,DP-1001,,,,
DPB1*1471:01,DP-06,F,FULL,DP-0601,DP-0601,,,,
DPB1*1472:01,DP-0401,F,FULL,DP-0401,DP-0401,,,,
DPB1*1473:01,DP-01,F,FULL,DP-0101,DP-0101,,,,
DPB1*1474:01,DP-46,F,FULL,DP-4601,DP-4601,,,,
DPB1*1475:01,DP-06,F,FULL,DP-0601,DP-0601,,,,
DPB1*1476:01,DP-0401,F,FULL,DP-0401,DP-0401,,,,
DPB1*1477:01,DP-01,F,FULL,DP-0101,DP-0101,,,,
DPB1*1479:01,DP-0402,F,FULL,DP-0402,DP-0402,,,,
DPB1*1480:01,DP-03,F,FULL,DP-0301,DP-0301,,,,
DPB1*1481:01,DP-01,F,FULL,DP-0101,DP-0101,,,,
DPB1*1483:01,DP-0401,F,FULL,DP-0401,DP-0401,,,,
DPB1*1484:01,DP-01,F,FULL,DP-0101,DP-0101,,,,
DPB1*1485:01,DP-0402,F,FULL,DP-0402,DP-0402,,,,
DPB1*1489:01,DP-13,F,FULL,DP-1301,DP-1301,,,,
DPB1*1490:01,DP-10,F,FULL,DP-1001,DP-1001,,,,
DPB1*1491:01,DP-01,F,FULL,DP-0101,DP-0101,,,,
DPB1*1492:01,DP-13,F,FULL,DP-1301,DP-1301,,,,
DPB1*1493:01,DP-0401,F,FULL,DP-0401,DP-0401,,,,
DPB1*1494:01,DP-03,F,FULL,DP-0301,DP-0301,,,,
DPB1*1495:01,DP-0201,F,FULL,DP-0201,DP-0201,,,,
DPB1*1496:01,DP-01,F,FULL,DP-0101,DP-0101,,,,
DPB1*1497:01,DP-01,F,FULL,DP-0101,DP-0101,,,,
DPB1*1498:01,DP-0202,F,FULL,DP-0202,DP-0202,,,,
DPB1*1499:01,DP-0401,F,FULL,DP-0401,DP-0401,,,,
DPB1*1501:01,DP-01,I,SHORT,DP-0101,DP-0101,,,,,DP-1101_84
DPB1*1502:01,DP-03,F,FULL,DP-0301,DP-0301,,,,
DPB1*1503:01,DP-0401,F,FULL,DP-0401,DP-0401,,,,
DPB1*1504:01,DP-01,F,FULL,DP-0101,DP-0101,,,,
DPB1*1505:01,DP-0402,F,FULL,DP-0402,DP-0402,,,,
DPB1*1506:01,DP-01,F,FULL,DP-0101,DP-0101,,,,
DPB1*1507:01,DP-0402,F,FULL,DP-0402,DP-0402,,,,
